,Unnamed: 0,Generation,Intertwine_two,Add_vertex,Delete_vertex,Invert_path_vertices,Insert_inside_vertex,Delete_inside_vertex,Replace_inside_vertex,Donate_between_routes,Trim_one_terminal_cb,Grow_one_terminal_cb
0,0.0,0.0,0.09999999999999999,0.09999999999999999,0.09999999999999999,0.09999999999999999,0.09999999999999999,0.09999999999999999,0.09999999999999999,0.09999999999999999,0.09999999999999999,0.09999999999999999
1,1.0,0.10900000000000001,0.1008717811387852,0.09944351139580639,0.09753525507671618,0.10094816625277409,0.09961835734181318,0.10072558868965244,0.10008576829603506,0.09851043108416573,0.10117945121889153,0.10108168950536012
2,2.0,0.31601,0.10156222557506173,0.09981912295512232,0.09511248318462627,0.10192270186348033,0.09859495302346248,0.10170017244614692,0.10111382248828725,0.09665419124477542,0.10198098978150819,0.10153933743752899
3,3.0,0.6191589000000001,0.101117188274706,0.09944222355892561,0.09346432728926585,0.10307239108936987,0.09867250081720422,0.10221905174784508,0.1012027710317067,0.09508486592731541,0.10331007982491487,0.10241460043874628
4,4.0,1.015801321,0.10106800669509548,0.09918076077879315,0.09146858713812876,0.10347663659856539,0.09793905064347011,0.10375957249920749,0.10233923801157013,0.09428354831246764,0.10379730568972483,0.10268729363297689
5,5.0,1.50262148669,0.10049490870955903,0.09923325022428818,0.08939935097632035,0.10458814153510132,0.09762051949240656,0.10398824420992067,0.10269282019071796,0.09338631551816699,0.10532698825493535,0.10326946088858346
6,6.0,2.0757334209441005,0.10046102592963875,0.09867106151103364,0.08792418681725257,0.10578386381210504,0.09630358773110784,0.10543031828243649,0.10373612245048841,0.09190232750248178,0.10684119486052418,0.10294631110293118
7,7.0,2.7307768275633495,0.10064780988315515,0.09755177794679747,0.08651226258547097,0.10653368794065535,0.09468445666276637,0.10687651117348841,0.10417914826183525,0.09101966966460734,0.10771534759269732,0.10427932828852624
8,8.0,3.4630081252450404,0.10030174647699884,0.09699510200052183,0.08604171042319186,0.1057891949360518,0.09276826998223,0.10937318868673379,0.10482789831336153,0.09025154708645437,0.10915928807440495,0.10449205402005086
9,9.0,4.2673862119061114,0.09989977380658879,0.09603967368064989,0.08575131434767183,0.10575625746567041,0.0927674591684368,0.11032759618771132,0.10529428973942205,0.08933467120784987,0.10985604670372519,0.10497291769227371
10,10.0,5.138652627782014,0.10002298513189928,0.09437801889001114,0.08407332294305932,0.10571965293961948,0.09140137147088676,0.11219649196693694,0.10538461842796801,0.08902923727399274,0.11269915396444205,0.10509514699118414
11,11.0,6.071405875792507,0.10056644764052394,0.0929558485839993,0.08361028908795949,0.10477327889917024,0.09088618876145166,0.11352102334758518,0.10506751819833443,0.08853151539348045,0.11441123971949396,0.1056766503680012
12,12.0,7.060169740244025,0.10105536399381898,0.09183276261700637,0.08251275978943767,0.10651674699654656,0.08931671208317639,0.11423777305930367,0.10606733443762201,0.08731908399008356,0.11541017109519032,0.10573129193781432
13,13.0,8.099455520847952,0.09957417354072064,0.09099867206078131,0.08160194971402236,0.10566291516543307,0.08707635401063665,0.11661741024480139,0.10564675574278821,0.0879292950359647,0.11859250827560637,0.10629996620924514
14,14.0,9.183818168183006,0.09851942959547111,0.09039863014290409,0.08106322700394837,0.10556401081034529,0.08539892774207068,0.11746344474776337,0.10507413799570445,0.08793961525357798,0.1219322102128205,0.10664636649539404
15,15.0,10.307906369102724,0.09772474619132307,0.08993842604011552,0.0808506288881267,0.1042767519863702,0.08469316376106673,0.12022095053662836,0.10343160309958295,0.0872780042993835,0.12375055445505267,0.10783517074235012
16,16.0,11.466506686239443,0.09714676964351207,0.08971315478312185,0.0799397508635981,0.10343653126144144,0.08459731945471971,0.12319185987457898,0.10226310920507065,0.08591461675526407,0.12586535448616923,0.10793153367252371
17,17.0,12.654581904800096,0.09693731637184347,0.08938954249842754,0.07980825198251215,0.10281944729561061,0.08337122442719402,0.12570310725743947,0.10188234685065065,0.08504869568826448,0.12676638034386414,0.10827368728419327
18,18.0,13.867303782456686,0.09581613825859912,0.08956420620175483,0.07968731897143663,0.10203404343988315,0.08258216486531623,0.12690880047831377,0.1018252819125406,0.0834553892852542,0.12928106876485762,0.1088455878220436
19,19.0,15.100080434523047,0.09433179710555858,0.08864874206854396,0.07989566154116684,0.10074765218736866,0.0826586712905434,0.12840775794723286,0.10179470622439905,0.08396844140789042,0.1301595275245396,0.10938704270275637
20,20.0,16.348578617037543,0.09487747428362263,0.08874745947352655,0.08121086063272781,0.09938046343458659,0.08049914354929256,0.12983595939113396,0.10141689873353707,0.0826764843159789,0.13155737164387815,0.1097978845417155
21,21.0,17.608741195130214,0.09529221659773626,0.08869561240102417,0.08080216298116598,0.09863436353388752,0.07886354653198321,0.13085591386762982,0.10027738486685911,0.08158239161712366,0.13317374415946887,0.1118226634431211
22,22.0,18.876800103462312,0.09414266697826398,0.08726984835070732,0.08151721020968664,0.0985583640536406,0.07752219633258589,0.1325111540821709,0.10006411048087059,0.08177989367112244,0.13432581555668635,0.11230874028426494
23,23.0,20.14928511992658,0.0934118946978409,0.0879943672145715,0.08166080408768289,0.09759831320736782,0.07500316699124307,0.13303445146981951,0.09948695984357447,0.08337109615412103,0.1352277204377332,0.11321122589604524
24,24.0,21.423028783545156,0.09309017857267676,0.08878030966512385,0.08205045556903572,0.09556517423584442,0.07440330597548131,0.13452266708525118,0.09796424230005096,0.08216291272321449,0.1374788061508423,0.11398194772247872
25,25.0,22.695167792966423,0.09424257168519727,0.08911819297347585,0.08107351174561944,0.09712686606235832,0.07383522459008321,0.13504738575805345,0.09631550175395702,0.0832418581632785,0.13767639536655737,0.11232249190141928
26,26.0,23.963141223515898,0.09336300283669151,0.08983915219992614,0.08099941557662618,0.09678627486332528,0.07409778708892491,0.1354657078465638,0.09483570221383093,0.08305105474736299,0.13835427945656387,0.11320762317018412
27,27.0,25.224685898775267,0.09168099412147666,0.0907159535124432,0.08034278068245856,0.09651113966827699,0.07311699387034644,0.13769359813117493,0.09542423789526647,0.0818270113975558,0.13912671459986833,0.11356057612113236
28,28.0,26.477829247520948,0.09085371239701417,0.09074348347077113,0.08086529940398413,0.09635087972510864,0.07302753072000844,0.1382441831427989,0.09422809608162773,0.08076093494693404,0.13982603303520655,0.11509984707654602
29,29.0,27.720879968916847,0.09066304301242746,0.08914235294276467,0.08126560814506396,0.09677594939367531,0.07232372726218059,0.13880363439752721,0.09473369121661832,0.08063695485383203,0.13984443934693588,0.11581059942897429
30,30.0,28.95241681848399,0.08998376973776394,0.08971977654406466,0.08078895867977771,0.0970401057303063,0.07225710864403262,0.138514311617502,0.09363761239645431,0.0812651479367655,0.14127767377279715,0.11551553494053551
31,31.0,30.17127581490958,0.0890314562333451,0.09061732631047739,0.07930560967404277,0.09590847608071837,0.07080542443709575,0.13902136967150344,0.09432730492749392,0.08172486875977093,0.14245736939647854,0.11680079450907349
32,32.0,31.376536153543515,0.08940023736412059,0.09045331913608212,0.08008899635747363,0.09541059835521885,0.070636839499493,0.13917998997606296,0.09426378272994741,0.0821195603513966,0.1417868081627678,0.11665986806743678
33,33.0,32.567505096778625,0.0889614050445468,0.09079872275046522,0.08073347398019354,0.0959448767881981,0.06986489151946765,0.14007637873680823,0.09503346191837043,0.08122395783990265,0.1413036292790047,0.11605920214304244
34,34.0,33.74370209472243,0.08852163706932009,0.09376329076957876,0.08016440293131247,0.09549448275123405,0.07039283721774728,0.1408803973654988,0.094894911463575,0.08089032104179858,0.14161942763144597,0.11337829175848875
35,35.0,34.90484237192463,0.08843008474711458,0.09448357589375603,0.08080297441982917,0.09472178791091432,0.06961631513189996,0.14107013757499598,0.09421991931526277,0.08019764286003478,0.14279439584503592,0.11366316630115622
36,36.0,36.05082019768737,0.08890440185793813,0.0953691223077879,0.08150849423851829,0.09412710153036351,0.07037126505316767,0.1401950724618844,0.09407390810512065,0.08032582757401321,0.14349616757600164,0.11162863929520432
37,37.0,37.18169203889697,0.08979531555153791,0.09741132729426473,0.08081685277327415,0.0931196825205774,0.06999691792069307,0.13900611048692052,0.09273110754016994,0.08005540962234944,0.144009681758398,0.11305759453181462
38,38.0,38.29765977559663,0.08970106075660819,0.09896320921024987,0.07987009931497951,0.09135742692039292,0.06965242632091066,0.1392114424208899,0.09399987402421457,0.08030299631526493,0.1438699628765589,0.11307150183993037
39,39.0,39.399054140870355,0.08919787134601044,0.1004310006430641,0.08014925732270411,0.09183305272794093,0.07110961280760149,0.13758088535417842,0.09312658925686983,0.07917000209399723,0.14407108326689527,0.11333064518073802
40,40.0,40.48631852820801,0.08864180431645367,0.10073469601209925,0.08034085968857682,0.09138615044723816,0.07116799764458558,0.13831801947107397,0.09236321178072432,0.07927723979993405,0.1444351086801107,0.1133349121592033
41,41.0,41.55999329152982,0.08856097748253293,0.09955735782115313,0.08061387494878454,0.0906529970698646,0.07214373824157777,0.13874072709869725,0.0929578815009662,0.07843723792920682,0.14438243175705376,0.11395277615016282
42,42.0,42.62070064560415,0.08813675630509091,0.0993518248690386,0.08018703960145164,0.08984120900971287,0.07209942857869464,0.139407017545812,0.09373914348914364,0.07921304296897715,0.14423497799104265,0.11378955964103575
43,43.0,43.669130257815,0.08843212401611336,0.10007059839635277,0.07891864583606402,0.08990195132214501,0.07195495962100373,0.13893570575449374,0.09403427752152382,0.08041932799519046,0.1433359491234831,0.11399646041362985
44,44.0,44.70602560622662,0.08820470642319661,0.10008762565373722,0.07770145608948788,0.09024561061830656,0.07347673053359631,0.1395575386454738,0.09471215308296234,0.08025729374134516,0.14310530244110592,0.11265158277078809
45,45.0,45.73217116373481,0.08844210325946021,0.10138687368905747,0.0776596675777088,0.08999195204162094,0.07272660714311278,0.14044641664138893,0.09258876599638138,0.08061612487876871,0.14314968026203878,0.11299180851046184
46,46.0,46.748380453854836,0.08877445519602034,0.10179621456387164,0.07866303335229628,0.09086985803307461,0.07138935902004283,0.14061513630951855,0.09191257950863699,0.08043526993678658,0.14458963177533674,0.11095446230441529
47,47.0,47.755485010424316,0.0896152431270218,0.10142515627985407,0.07829837557412545,0.09132863297945948,0.07169871603856419,0.14086208897245805,0.09212960750602081,0.08001136015287841,0.14335251345055278,0.11127830591906478
48,48.0,48.7543242612326,0.08966252517082779,0.10111868430219662,0.07737920679226329,0.0905160417636987,0.07220245697052786,0.14013650937686128,0.09309119827189799,0.08056029277291414,0.14442399133640743,0.1109090932424047
49,49.0,49.745736344347726,0.08907257846094735,0.1004221004866542,0.07848461031818205,0.08998622976608464,0.07121768130746786,0.1401659164230629,0.09483351231271327,0.08062416124738954,0.14311888756122199,0.11207432211627602
50,50.0,50.730549855707864,0.0868448426088243,0.09966337717252485,0.08085440990758376,0.08918052258625556,0.07121454229034116,0.13977519019746693,0.09489286618042833,0.08070379872544182,0.14313974225115655,0.11373070807997648
51,51.0,51.70957651737491,0.08715217323834991,0.10065783364606878,0.08099164585213607,0.08760146224443002,0.07054968649950508,0.14007605248094612,0.09408283539041988,0.08138928287955752,0.14395581629760984,0.11354321147097654
52,52.0,52.68360474770151,0.0878754878208362,0.10029168563870866,0.08073843017459519,0.0891845781602042,0.06900818125393121,0.1402250720403512,0.09496779694953683,0.08125619888776447,0.1427873629227959,0.11366520615127587
53,53.0,53.65339410751842,0.0891508488304209,0.0989438209539536,0.08050009799777165,0.08963081288575905,0.06891024589416497,0.14042805986082008,0.09514353032492293,0.08079032651711499,0.14271310419351013,0.11378915254156138
54,54.0,54.61967059027847,0.09038623728672004,0.09801424041300408,0.08084762279254532,0.08913332085259695,0.06951448890143182,0.14026729751881456,0.09509479359024631,0.08073158777130249,0.1417907648951024,0.11421964597823567
55,55.0,55.58312271885972,0.08943615476775206,0.09743635710703286,0.08109338882546893,0.08899152087311374,0.0691748983572466,0.14116852829114737,0.0947922535191155,0.0820933435894491,0.14062841056590974,0.11518514410376374
56,56.0,56.544398407394254,0.08977200084066454,0.09693532607627332,0.0804185125241774,0.08976634200646759,0.06862106910014747,0.14059462470723202,0.09370936132244301,0.08320350317686724,0.14101486852608547,0.11596439171964161
57,57.0,57.504102543001395,0.08881219770105514,0.09653918831671472,0.08022360735118737,0.09167594782184126,0.06911168227620877,0.14128748821171375,0.09286839587948566,0.08306401092949027,0.14037407606793548,0.11604340544436727
58,58.0,58.462795239617805,0.08840714596535723,0.09473744725162354,0.08118858210684979,0.0920684779408645,0.06868056875564377,0.1411070200471196,0.09352767699813164,0.08260744933022787,0.14090537603990544,0.11677025556427628
59,59.0,59.42099071417639,0.0889727171884346,0.09532548029294545,0.08122499907276805,0.09328544187864793,0.06980307626062503,0.13944074964543268,0.09447962569065002,0.08097144084878413,0.1400331961272997,0.1164632729944121
60,60.0,60.379156734137354,0.08936682689353427,0.09393014963343314,0.08072809075255055,0.09424283973495791,0.0687749982667644,0.14182320469724014,0.09452267935448973,0.08111955819948657,0.1402375838705246,0.11525406859701837
61,61.0,61.337714584760846,0.08989161283704751,0.09523240179342365,0.0805005357608036,0.09449326019343324,0.06893670489101753,0.14136496140881238,0.09370116206845437,0.082792982648762,0.13900027682000726,0.11408610157823815
62,62.0,62.29703950447439,0.09028569600156605,0.09596315835995697,0.08131498073476086,0.09460414307793914,0.06807280486856666,0.14101082729325173,0.09389505778003636,0.0826674897893578,0.13716655874765504,0.11501928334690915
63,63.0,63.257461537171835,0.09016929701172335,0.09639485822066308,0.08129096362840105,0.09518098130614307,0.0689378872742955,0.13933704600660268,0.09628659659759291,0.08156525191559554,0.13574228111728873,0.11509483692169387
64,64.0,64.21926675122782,0.09089776064117185,0.09524794981184824,0.08145337334558647,0.09785898007000945,0.06898331519378134,0.1376511241504242,0.09588308154961653,0.08232388301700765,0.13442067644645897,0.11527985577409514
65,65.0,65.18269877636592,0.09102859333299203,0.09586671004704478,0.08084651836324092,0.09869814957740213,0.06827858245927182,0.13660134066872356,0.09578571156642046,0.08159652452795561,0.1346353378600325,0.11666253159691603
66,66.0,66.14796061122655,0.09136161666235873,0.0961603516674955,0.08063857436012187,0.09839801054104673,0.06894678156549101,0.13406337474659574,0.09709376731597641,0.08230932867436964,0.1349036467062267,0.11612454776031751
67,67.0,67.11521665648885,0.09275688217790574,0.09698131305479565,0.0812139285891981,0.09824706319289785,0.06973096776694229,0.13276866314949648,0.09806491208153177,0.08118674986513702,0.13364448201189605,0.1154050381101989
68,68.0,68.08459493066005,0.09385925697953879,0.09539819811003128,0.08010249925306354,0.09890725416699707,0.06949080225407753,0.13271289106213846,0.09828670277654866,0.08273901889977575,0.13204354944532073,0.11645982705250803
69,69.0,69.05618942810752,0.09634685203783,0.09474782841996308,0.07959895146317586,0.09944073376835474,0.07010869596027139,0.131661773728796,0.09838090408948696,0.08193515356911128,0.13129853898758598,0.1164805679754245
70,70.0,70.03006258152917,0.09669026829671254,0.09611759558613314,0.07967780633777354,0.10040731450896875,0.06963347394800347,0.13106154222940744,0.10033050710260283,0.0808139994274444,0.1301208910711786,0.11514660149177512
71,71.0,71.00624779379335,0.09577261051145458,0.09724906842024453,0.0779517315407968,0.09933432776174447,0.06900257860237785,0.1311232066143088,0.10070400535133181,0.08270090010774948,0.12972541024120776,0.11643616084878378
72,72.0,71.98475200689319,0.09583985397307032,0.09746047632956614,0.0780684585754929,0.10010428148637612,0.06959726071863638,0.1311399739455797,0.09918579893021408,0.08357346563029353,0.12890500981470776,0.11612542059606297
73,73.0,72.96555827861411,0.09859837926880403,0.09753796509606127,0.07718323111982922,0.09953897557181692,0.0695586555452089,0.13021426591796298,0.09934691651196077,0.08314733347058895,0.1289602016039298,0.11591407589383707
74,74.0,73.94862834037681,0.09871876931811335,0.09863347502804068,0.07785133448767188,0.09948791516323821,0.068888633988794,0.1319971083114831,0.10005498864339342,0.08208261522089788,0.1270803189033269,0.11520484093504048
75,75.0,74.93390511255946,0.0987899243274462,0.09850147033449527,0.07848330690431413,0.09993298037661166,0.06856061024408712,0.13415390592116389,0.09849040617463739,0.08204753224895137,0.12749435499811373,0.11354550847017914
76,76.0,75.92131515639825,0.09793063451925409,0.0991615746863151,0.07811193845067979,0.0987051481407454,0.0682412133816247,0.13451502195248555,0.09949832119524629,0.08246734206290873,0.12841666679615218,0.11295213881458807
77,77.0,76.91077104428919,0.09812853145272771,0.10049644191128616,0.07684613437619954,0.09860432208665681,0.06938054222538002,0.134308905643372,0.0980529057444223,0.08287360881193648,0.1283440553912419,0.11296455235677696
78,78.0,77.90217363294813,0.09924917186386122,0.1017146996679738,0.07611788076169228,0.09899076457039206,0.0673427845504308,0.13428662242779701,0.09839070158406085,0.08280808491956963,0.12877371462982884,0.11232557502439339
79,79.0,78.89541422641172,0.09931275846107229,0.10155083769726556,0.07577898375993164,0.09816941429235126,0.06851860212838128,0.13376221151388606,0.09858968578802302,0.08330502991446564,0.1280661938604308,0.1129462825841923
80,80.0,79.89037661826481,0.09771764144229336,0.10234783348026599,0.07442704851948885,0.09754128971044207,0.06901121544729644,0.13372210746910654,0.0989898266822137,0.08301224384177089,0.13083582821428857,0.1123949651928334
81,81.0,80.88693900474995,0.09730168570358767,0.10206020940052186,0.07473376839500281,0.09809188553863497,0.06919982411678333,0.13554326146038176,0.09904614858190901,0.08083709912262686,0.13099673340308113,0.11218938427747042
82,82.0,81.88497576253909,0.09660992297845301,0.10114380268961826,0.07565930012792309,0.09864331454885694,0.06982977951062559,0.13447391125620697,0.0997561511464548,0.07913492682544691,0.132160337067251,0.11258855384916328
83,83.0,82.88435908692391,0.09537770895506312,0.10289499863951528,0.07695124615317019,0.09805566545445316,0.0703844428247057,0.13499532040874734,0.09831179759782759,0.07856768702555243,0.13195694015355047,0.11250419278741458
84,84.0,83.88496048800103,0.09603121710761411,0.10099826189606022,0.07579761988071504,0.09897776656007076,0.06987588342330656,0.13580883932982935,0.0981514232097453,0.07803275355178767,0.13306218670575554,0.11326404833511529
85,85.0,84.88665214409042,0.0960699618176871,0.10238277980080437,0.07538620395365471,0.09896790575559847,0.06937169140821577,0.13505424937192495,0.09902361971939652,0.07711148357521996,0.13425380736803283,0.11237829722946514
86,86.0,85.88930811312994,0.09573247517541718,0.10313142922387829,0.07468580305085047,0.09826920099959398,0.06976056235814658,0.13431443572722784,0.09943751760735792,0.07775325159784323,0.13454482088810973,0.11237050337157459
87,87.0,86.89280540413424,0.09559047994900836,0.10233114910516782,0.07438985677109741,0.09644237271038332,0.07180983215155659,0.1354639605133121,0.1000417608181921,0.07733048094215486,0.1333831674935987,0.1132169395455285
88,88.0,87.89702491199675,0.0960100216613593,0.1007786971894694,0.07347676284002583,0.09690567429594543,0.07181880182852962,0.13539251097944496,0.10030009313750235,0.07625171141554188,0.13487750864458795,0.11418821800759299
89,89.0,88.90185221995306,0.096619011898469,0.10004154148356902,0.07359703822259393,0.09754954056890508,0.07201094156052842,0.13658097410573974,0.10001222708158486,0.07638950300596298,0.13523728276946692,0.11196193930317974
90,90.0,89.90717827491419,0.09755594254392827,0.10080318904104013,0.07370594253092504,0.0976464063047209,0.07135234349653234,0.13586008130876587,0.10017116929977593,0.07683414407114401,0.134264317450539,0.11180646395262824
91,91.0,90.91289994163006,0.09765874974786648,0.10188892046977616,0.0728624187029078,0.09886819792694283,0.07069702611756572,0.13581485821062655,0.09895977835072939,0.07658964932509711,0.1344145877411253,0.11224581340736241
92,92.0,91.91892044225806,0.09772295572874655,0.10135853291191438,0.07282157653692382,0.09826402041807578,0.07137452381013151,0.1356530460220431,0.09911236392047129,0.07731716635470874,0.13457205154838164,0.11180376274860289
93,93.0,92.92514968840067,0.0956898788365875,0.10014208050333602,0.07473246982316936,0.09932106218064331,0.07119234146652428,0.13673824055444697,0.09909576015783006,0.07738348100791084,0.13495419100828682,0.11075049446126459
94,94.0,93.93150451304501,0.09537552159629499,0.10120746518861003,0.07576191407938984,0.10008295552207028,0.07092722305152079,0.13692988818434754,0.0962076577785817,0.07803255206851654,0.13554568369382092,0.10992913883684713
95,95.0,94.93790881009448,0.09764185084886748,0.10143706752597888,0.07597490014914751,0.09793746661932042,0.06932747454562485,0.1363608932205419,0.09635929793011724,0.07768619590124654,0.13747864149423794,0.10979621176491697
96,96.0,95.94429358933806,0.09744187932493073,0.10078041095397866,0.07600651286777402,0.09812658959338524,0.06947487124244074,0.13466151562616852,0.09675147857956337,0.07761485297162396,0.13828929906943632,0.1108525897706981
97,97.0,96.9505969547639,0.09687172816814946,0.09944814347551725,0.07616040229101217,0.09886212251774742,0.06851225433111828,0.13631344613935692,0.09604736027335334,0.07805592369245382,0.13787303632394232,0.11185558278734872
98,98.0,97.9567640140995,0.09700131161247685,0.09703336086424351,0.07606912271956962,0.09996470880258251,0.07025867872102123,0.1377844369547438,0.0957782201207022,0.0783320424544607,0.137347305379455,0.11043081237074429
99,99.0,98.96274672736057,0.09758421202512182,0.09567282803224816,0.07539570034886281,0.0996850975927595,0.0695632543694375,0.13658437984543995,0.09740112671262147,0.07928720777122557,0.13805804312176267,0.11076815018052022
100,100.0,99.96850370202192,0.09820595559763792,0.09454970338320429,0.07524802899386096,0.09981506860963954,0.06851426537576302,0.13667055821644042,0.09769113654237366,0.07953853962740529,0.13856295018510528,0.11120379346856933
101,101.0,100.97399994219691,0.09845895876374498,0.09436532056163122,0.0744454638475455,0.09872165213500783,0.06911240652453358,0.13635537819802154,0.0979315353271708,0.08039626654449437,0.1386658044939107,0.11154721360393918
102,102.0,101.97920655893245,0.09747632675408707,0.09468222979302075,0.07524249154806172,0.09861728388036124,0.06787692441393152,0.13536625533856186,0.0979892415796049,0.08092276555631393,0.13944722230777587,0.11237925882828086
103,103.0,102.98410044840509,0.09740674672150776,0.09425493094348156,0.07802354241217642,0.09641882393444469,0.06541373691882105,0.1359444791914234,0.10016847912286357,0.08037657421252659,0.13914921999428465,0.11284346654847008
104,104.0,103.98866394444643,0.09797065306442994,0.09363315874492242,0.07960906533043442,0.09727664003830203,0.06629193387691823,0.13521816453605956,0.09957752281903877,0.07924327155873946,0.13818054615155045,0.11299904387960447
105,105.0,104.99288445143917,0.09772184133939307,0.09248819929433527,0.0816766907390148,0.09731818431724873,0.06649587522288677,0.13657966559217655,0.09840006649423125,0.07861440026505147,0.1387181006307647,0.11198697610489718
106,106.0,105.99675406321822,0.09715124504356694,0.09148695659339723,0.08291707734273832,0.098313990996581,0.0656204444292551,0.13683712314302376,0.09756635442106264,0.07715708941083192,0.1394597273049285,0.11348999131461436
107,107.0,107.0002691731872,0.09741811593282074,0.09202084595950774,0.08306145950928372,0.09854176710814233,0.06468885285939223,0.13688733362303768,0.09627687258042655,0.07687802589739684,0.13956644670889176,0.11466027982110016
108,108.0,108.0034300804274,0.09609771703739795,0.0940625285402254,0.08244570519109296,0.0987357341432757,0.06468147250302106,0.13645770372090493,0.09590552577019366,0.07680595490801319,0.13999303331279017,0.11481462487308472
109,109.0,109.00624059613932,0.09671696521270157,0.0940466023162833,0.08312681651932642,0.0972921713335867,0.06542604809143471,0.13742135538141126,0.09471857714034367,0.07737506344944865,0.14169825493546706,0.11217814561999641
110,110.0,110.00870765431864,0.09629543760619502,0.09456093696697224,0.08195196154286409,0.09832051422310141,0.06492912801366246,0.1377367267671425,0.09416160760185928,0.07783321272560545,0.14296310296830161,0.11124737158429568
111,111.0,111.01084093013685,0.09723224847784252,0.09594158155363534,0.0803711172171982,0.09774305036351266,0.06603869096944107,0.13667273813190026,0.09292900931184511,0.07901502049647487,0.1437010760633058,0.1103554674148439
112,112.0,112.01265246907188,0.09768311661163973,0.09656712602407219,0.08071156607007055,0.0966799753017574,0.06676975116396404,0.13648611257585908,0.09285424340171035,0.0787207485823492,0.14377025785673747,0.1097571024118398
113,113.0,113.01415632942268,0.09668003959338323,0.09833174385706064,0.08266897683288037,0.09561608925374274,0.06568378593374781,0.1383558334736207,0.09230330163958873,0.07546759050591888,0.1445747892459567,0.11031784966409997
114,114.0,114.01536824044418,0.09535997175400714,0.09898930522256463,0.08182662708180807,0.09446694305009457,0.06587258384038942,0.13821927187868177,0.09158409600047454,0.07518197907593994,0.1472795685636311,0.11121965353240859
115,115.0,115.01630527795908,0.09420925571681671,0.09725945906380969,0.08505787020939673,0.09452445602159795,0.06773092698912198,0.13709078120849943,0.09103809448926896,0.0737456890286817,0.14895530568922605,0.11038816158358059
116,116.0,116.0169855589429,0.09524745500441623,0.0960594971625945,0.08535850907593011,0.09493756794730113,0.06819910432159888,0.13634101583557745,0.08973344498080009,0.07433092134999195,0.15013922597639964,0.10965325834538983
117,117.0,117.01742795623892,0.09688878277595164,0.09421136646342473,0.08784398071156349,0.09506419716913689,0.0680517145868719,0.13798443162948132,0.08830638684565364,0.07304390864125798,0.1504543085699497,0.10815092260670851
118,118.0,118.01765183424293,0.09869492464851262,0.09305258643605048,0.08846533075269297,0.09499078397210778,0.06626492230488712,0.138327261261963,0.0890521188366394,0.07324018119340041,0.15032963441680605,0.10758225617693999
119,119.0,119.01767680610413,0.09893178086970378,0.09408057176648368,0.08791082520385571,0.09357553273186625,0.06560623853275362,0.13695964577636743,0.09087950185155064,0.07284343715357836,0.15029283800289514,0.10891962811094526
120,120.0,120.01752251271817,0.0968910763412964,0.09421948764006867,0.09023681118207079,0.09478629472408306,0.06509643276044584,0.1377820222314651,0.08943016148078778,0.07244107428110148,0.15027120285757523,0.10884543650110554
121,121.0,121.01720842354362,0.09684526962085462,0.09384640047120778,0.09091640625663257,0.09370005985466835,0.06343969977258401,0.1394663236899697,0.08960023077347094,0.07061593340315037,0.15073918603813538,0.11083049011932619
122,122.0,122.01675365905109,0.09578390931416228,0.09375873853554711,0.09159568675553938,0.09245776357596225,0.0632689848519292,0.1403259419441389,0.09116936143183857,0.07124863522477697,0.15011105810150394,0.11027992026460133
123,123.0,123.0161768344173,0.09425372002880043,0.0927668542376575,0.09060808220520383,0.09237668862503565,0.061865915431248086,0.14093691355843863,0.09290791293626255,0.07128999811403032,0.1512352754796855,0.11175863938363743
124,124.0,124.01549592390272,0.09569904515137506,0.09453729603866674,0.08800514775988016,0.09360043287229836,0.06178135529182313,0.14145437843399486,0.09183414224893963,0.07032302881731324,0.15023309064287735,0.1125320827428314
125,125.0,125.01472814520056,0.09492786194782923,0.09607948736360053,0.08612256542938064,0.09383001056879087,0.06145612555253202,0.1406668031298047,0.09414316898757884,0.06966013143686905,0.15012048115591328,0.11299336442770072
126,126.0,126.01388986291661,0.09510186734826583,0.09774248156358131,0.08646047156605746,0.09163161734323284,0.061067549858498424,0.14029262154307742,0.09451834011229851,0.06785200121886709,0.15107162469793733,0.11426142474818371
127,127.0,127.0129965102319,0.09394239460207349,0.09816756872275145,0.08640446317313147,0.09145791913596962,0.06474644029237991,0.13890574168699307,0.09551092067910812,0.06732220834150952,0.15129509612192416,0.1122472472441591
128,128.0,128.01206252771334,0.09365254541061813,0.09775905905041415,0.08585906428585315,0.0910548784735406,0.0649401842509353,0.13989171394879704,0.09554981480083546,0.06532620455042602,0.1504425735471307,0.11552396168144936
129,129.0,129.0111013181695,0.09547502656974247,0.09661046432724252,0.08713508554503127,0.09022230459640582,0.06592094643445617,0.13909135098094527,0.09547086749221112,0.06627921255823656,0.1491366906961999,0.11465805079952877
130,130.0,130.01012521639834,0.09484226943198136,0.09719067388971243,0.0870652164894839,0.08927198143383824,0.0679006658772416,0.13805004399673393,0.09484857590497883,0.06660251757087093,0.14966419110772727,0.11456386429743139
131,131.0,131.0091454726403,0.09377115587463822,0.0969724036031352,0.08828896782551524,0.08997651845811669,0.06708799571187057,0.13854005423955437,0.09396182473574942,0.06559830042340513,0.15162472189876577,0.1141780572292493
132,132.0,132.0081722485317,0.09296031124457906,0.09763336772986389,0.08851632203531767,0.08922557111331737,0.06513810655343213,0.14132457251590358,0.09474055082595421,0.06457218102768686,0.15031388512441846,0.11557513182952672
133,133.0,133.00721462434865,0.09040605820580941,0.09817943916276532,0.08644388705142413,0.08852403467412273,0.06460930128764347,0.14340547624321526,0.09513631198788242,0.06555574910404117,0.15226644923758373,0.11547329304551229
134,134.0,134.0062806163404,0.09035596312665788,0.09581948678946368,0.08518353978408412,0.0913195744752394,0.06463701810094592,0.14363116374054397,0.09443793553060623,0.06687312025794583,0.15285359387359249,0.11488860432092043
135,135.0,135.00537720296956,0.09053816403205699,0.09436254179762757,0.08492532706729539,0.09150328341152607,0.0642425268277752,0.1447505196546116,0.09471485298090121,0.06834531863923067,0.1524207236624856,0.11419674192648967
136,136.0,136.00451035890612,0.08916563436954902,0.09430894502870725,0.08341513314356787,0.0924929754256569,0.0659753509368794,0.14540541236946697,0.09336555297123308,0.07095134082875015,0.15018681375511528,0.11473284117107403
137,137.0,137.00368509565993,0.08854306169631815,0.09360404374039788,0.0843909066273243,0.09447061908037302,0.06549159699839431,0.14482962749700276,0.09308794699608114,0.07114329480219193,0.15170906031357534,0.11272984224834111
138,138.0,138.0029055077818,0.08780636649898875,0.0926867866033794,0.08366087964931905,0.09500395792303004,0.06869613915121636,0.14419836307545303,0.09324207943105957,0.07137635785506975,0.1495335069602825,0.11379556285220149
139,139.0,139.00217482361367,0.08612485006724693,0.09324163314538447,0.08635028170089909,0.09540291475608625,0.06775277887576889,0.14530833295860662,0.09324605781542065,0.07047816272596391,0.1486311305540285,0.11346385740059457
140,140.0,140.0014954596262,0.08693734170048767,0.093122861548087,0.08758159419629902,0.09528293747770258,0.06783578227841273,0.1441634144782454,0.0934045560999041,0.07078573578731767,0.1495002804336505,0.11138549599989318
141,141.0,141.00086907744122,0.08656276299080826,0.09349707879387893,0.0887227480260797,0.09448355148837304,0.06783668667615472,0.14604502697282404,0.09128502850634142,0.07110310878370871,0.148354973799713,0.112109033962118
142,142.0,142.0002966427003,0.08730443221493946,0.0929808215125108,0.08952979355400843,0.09379655320116011,0.06613562535504766,0.14724706703388019,0.08972360543267131,0.07389078909877002,0.14868359578252227,0.11070771681448949
143,143.0,142.99977848500652,0.08784656011570702,0.09359980593316211,0.09055835503543247,0.09318818078446835,0.06457228206719381,0.14610882189336502,0.0898263608477869,0.07316480846045643,0.14833630633855355,0.11279851852387403
144,144.0,143.99931435823203,0.08778226675120004,0.09470173455810021,0.09092779654460029,0.09267655873243655,0.06383807519043794,0.1462079160345015,0.09021573696055135,0.07455603088728015,0.14826119091073844,0.11083269343015317
145,145.0,144.99890350055264,0.0885763027133466,0.09511941045508186,0.08955695728872265,0.0916152799818727,0.06421954071165878,0.14674766658035154,0.0894229863136584,0.07442727172433697,0.14808851734810277,0.11222606688286735
146,146.0,145.9985446936357,0.08886690710520566,0.09732068868770613,0.08879211832729372,0.09135494708984755,0.06339514921577138,0.14698426083786356,0.08664148890421985,0.07498033146574438,0.1490582377351857,0.11260587063116165
147,147.0,146.99823632047406,0.08961902415015369,0.09681484918153377,0.08774981065353965,0.09083417012528472,0.06341784481812116,0.1460449124104245,0.08653670217771282,0.07446971868539416,0.14996077287862458,0.11455219491921059
148,148.0,147.99797642142389,0.08973932607571465,0.0970871618523479,0.08687693469788269,0.0933484661546829,0.06306162463423408,0.14596502092352684,0.08725843570421764,0.07524127226507124,0.1479060947795601,0.11351566291276158
149,149.0,148.99776274806447,0.09138139770122088,0.09747453300605896,0.08604745864535035,0.09450550357084214,0.06193294563802772,0.14800588345464782,0.08687284246841148,0.07401986169559638,0.1474670798203366,0.1122924939995073
150,150.0,149.99759281456036,0.09250967331278531,0.09745881508943445,0.08671004800134077,0.09358208774406368,0.06153899407411048,0.14829255123711518,0.08730647986389359,0.07305799552345127,0.1472810285617685,0.11226232659203639
151,151.0,150.99746394626104,0.09272317601327033,0.09649104512587131,0.08840232573029146,0.09343417029340437,0.061531769708835705,0.1501114451818468,0.08653840071497043,0.07178959315922073,0.14677286140591123,0.11220521266637723
152,152.0,151.99737332532905,0.09206926076246388,0.09566707810539105,0.08766852338590457,0.09276625554468504,0.06107861617710367,0.15248728442885354,0.08647073457886376,0.07316607613564771,0.14565708010092546,0.11296909078016099
153,153.0,152.99731803323698,0.09124079902218127,0.0940068552633375,0.08839095039882097,0.09335154348763648,0.05983062155843579,0.15242502980862802,0.08631799447654818,0.07387289702810042,0.1458461944464559,0.11471711450985508
154,154.0,153.99729509002177,0.09290722457640933,0.09269266548340013,0.08650519125784045,0.09210079901103099,0.05945585323129618,0.1550417037503959,0.08591740502295407,0.07308234219806813,0.14637530551905797,0.11592150994954656
155,155.0,154.99730149022784,0.09267371787225166,0.09118472988998967,0.08645194602217787,0.09374447574685355,0.05832848185948786,0.15488179197321994,0.08706055630871812,0.0725555449786422,0.14703596245610778,0.11608279289255105
156,156.0,155.99733423551103,0.09342455939992861,0.09218298226259311,0.08575891982592651,0.09386066891358542,0.05729531587207903,0.15496997415363298,0.0876548582731447,0.0728183465121468,0.14744877241991697,0.11458560236704554
157,157.0,156.99739036391077,0.09406313166803988,0.09104682455212819,0.08561769281489653,0.09323213301174926,0.05763728560705747,0.15500984842299598,0.08831521568638294,0.07345525396220394,0.1478468531359467,0.11377576113859883
158,158.0,157.99746697583146,0.09436654476076431,0.09027491103938114,0.08510493979354058,0.09342309365265622,0.05871577252802502,0.15434900629940093,0.09071063908016568,0.07255483832986315,0.14857419130900276,0.11192606320719996
159,159.0,158.99756125680176,0.09395795866599446,0.08891312897822265,0.0861810887383983,0.09514704469736265,0.059473712939444694,0.15284473440753826,0.09093928749110287,0.07145554518340114,0.14798326651096227,0.11310423238757247
160,160.0,159.997670497107,0.0939221428569205,0.08795657187348088,0.0838816020900727,0.09637352864927287,0.06080701687477692,0.15380161903150774,0.09202199107263426,0.0703572737222621,0.14961129381350963,0.1112669600155622
161,161.0,160.99779210841066,0.09193485110018099,0.08810946164984554,0.08292151065844154,0.09565606669354443,0.060030162975989586,0.15399288850865425,0.09335632802755812,0.07080742837772612,0.15299150122585897,0.11019980078220026
162,162.0,161.99792363749984,0.0900779540269929,0.09018392140015469,0.0820644415296479,0.09622138744328433,0.06207749128057585,0.15459605378251573,0.092698901799043,0.0702025773973505,0.15309193493196485,0.10878533640847006
163,163.0,162.9980627773051,0.09260088325253896,0.09195570370285097,0.08063628643702213,0.09618972476254628,0.06283304321425882,0.15249893846054538,0.09237952156216082,0.07028968425231344,0.1538529127400114,0.10676330161575162
164,164.0,163.9982073753568,0.0916431776060944,0.08991477725805481,0.08182159875822184,0.09413550786377785,0.06473248935718348,0.15247167049087668,0.09317531584619151,0.07031603415899358,0.1532072837546257,0.10858214490597995
165,165.0,164.99835543984977,0.09351004741107137,0.09041480250989424,0.08203370338387649,0.09334758961262424,0.06424030940915146,0.15113222567858323,0.09230218913815348,0.07203498804571973,0.15411914289248524,0.10686500191844032
166,166.0,165.99850514349492,0.09263091260550577,0.09058824561894141,0.08058889687099133,0.09637456960348958,0.0681096711734672,0.1496916550179379,0.09163683049664777,0.07135429267002594,0.15219514107614926,0.10682978486684361
167,167.0,166.99865482534062,0.09514990990044207,0.09035390900169686,0.0806872912037095,0.09533572350516534,0.06806726577239523,0.14903043455361115,0.09167265195638395,0.07143194671875348,0.1518005886561195,0.10647027873172266
168,168.0,167.99880299074837,0.0947070813663202,0.08905176146387873,0.0815564750403783,0.09538125776186528,0.06692305778707182,0.1487053592722247,0.09322266493931299,0.0712406946132345,0.1528421988335825,0.10636944892213077
169,169.0,168.99894830970783,0.09430831758731942,0.09030225955792136,0.0828404125772926,0.09292066423393237,0.06736738770141139,0.14770523121975504,0.09349103784232288,0.07091009058925356,0.1522777560629034,0.10787684262788778
170,170.0,169.99908961367427,0.09403732329142118,0.0910298413020261,0.08314471767663742,0.09249776655317693,0.06810523849246321,0.14599886815313856,0.09548413544294573,0.07111767903342066,0.1507747034372915,0.10780972661747848
171,171.0,170.99922589110733,0.09428389195335413,0.09255580402466114,0.08308859895188032,0.09352138469077269,0.06739802962716077,0.14602800924663642,0.09556692839476286,0.0703982112345251,0.1494481832224957,0.10771095865375072
172,172.0,171.99935628188598,0.09289929675101109,0.09279753670038915,0.08259324612960653,0.09553149835436084,0.06525692219608639,0.14599120077384245,0.09659448296461293,0.06925478767004714,0.14822021471592906,0.11086081374411427
173,173.0,172.99948007076793,0.09263372744460105,0.09276098922832483,0.08274216192309296,0.09630295194912057,0.06454876705043439,0.14692349674407398,0.0964628238151029,0.068496468359882,0.1476737796724477,0.11145483381291944
174,174.0,173.99959668005403,0.09359500272827598,0.09336006746289746,0.08376478314080875,0.09649809123803671,0.06279587093335108,0.14641373748114866,0.09526868879068882,0.06825304948254898,0.14784633317318047,0.112204375569063
175,175.0,174.99970566161096,0.0928769145790395,0.09300722175928314,0.08530818956917008,0.09582114738073307,0.062328606710051894,0.1460750098131569,0.09777902554350694,0.06743611836590678,0.14611885362683924,0.11324891265231236
