,Unnamed: 0,Total_iterations,Intertwine_two,Add_vertex,Delete_vertex,Invert_path_vertices,Insert_inside_vertex,Delete_inside_vertex,Replace_inside_vertex,Donate_between_routes
0,0.0,0.0,0.125,0.125,0.125,0.125,0.125,0.125,0.125,0.125
1,1.0,1.0,0.125,0.125,0.125,0.125,0.125,0.125,0.125,0.125
2,2.0,2.0,0.125,0.125,0.125,0.125,0.125,0.125,0.125,0.125
3,3.0,3.0,0.125,0.125,0.125,0.125,0.125,0.125,0.125,0.125
4,4.0,4.0,0.125,0.125,0.125,0.125,0.125,0.125,0.125,0.125
5,5.0,5.0,0.125,0.125,0.125,0.125,0.125,0.125,0.125,0.125
6,6.0,6.0,0.125,0.125,0.125,0.125,0.125,0.125,0.125,0.125
7,7.0,7.0,0.125,0.125,0.125,0.125,0.125,0.125,0.125,0.125
8,8.0,8.0,0.125,0.125,0.125,0.125,0.125,0.125,0.125,0.125
9,9.0,9.0,0.125,0.125,0.125,0.125,0.125,0.125,0.125,0.125
10,10.0,10.0,0.125,0.125,0.125,0.125,0.125,0.125,0.125,0.125
11,11.0,11.0,0.125,0.125,0.125,0.125,0.125,0.125,0.125,0.125
12,12.0,12.0,0.125,0.125,0.125,0.125,0.125,0.125,0.125,0.125
13,13.0,13.0,0.125,0.125,0.125,0.125,0.125,0.125,0.125,0.125
14,14.0,14.0,0.125,0.125,0.125,0.125,0.125,0.125,0.125,0.125
15,15.0,15.0,0.125,0.125,0.125,0.125,0.125,0.125,0.125,0.125
16,16.0,16.0,0.125,0.125,0.125,0.125,0.125,0.125,0.125,0.125
17,17.0,17.0,0.125,0.125,0.125,0.125,0.125,0.125,0.125,0.125
18,18.0,18.0,0.125,0.125,0.125,0.125,0.125,0.125,0.125,0.125
19,19.0,19.0,0.125,0.125,0.125,0.125,0.125,0.125,0.125,0.125
20,20.0,20.0,0.125,0.125,0.125,0.125,0.125,0.125,0.125,0.125
21,21.0,21.0,0.125,0.125,0.125,0.125,0.125,0.125,0.125,0.125
22,22.0,22.0,0.125,0.125,0.125,0.125,0.125,0.125,0.125,0.125
23,23.0,23.0,0.125,0.125,0.125,0.125,0.125,0.125,0.125,0.125
24,24.0,24.0,0.125,0.125,0.125,0.125,0.125,0.125,0.125,0.125
25,25.0,25.0,0.125,0.125,0.125,0.125,0.125,0.125,0.125,0.125
26,26.0,26.0,0.125,0.125,0.125,0.125,0.125,0.125,0.125,0.125
27,27.0,27.0,0.125,0.125,0.125,0.125,0.125,0.125,0.125,0.125
28,28.0,28.0,0.125,0.125,0.125,0.125,0.125,0.125,0.125,0.125
29,29.0,29.0,0.125,0.125,0.125,0.125,0.125,0.125,0.125,0.125
30,30.0,30.0,0.125,0.125,0.125,0.125,0.125,0.125,0.125,0.125
31,31.0,31.0,0.125,0.125,0.125,0.125,0.125,0.125,0.125,0.125
32,32.0,32.0,0.125,0.125,0.125,0.125,0.125,0.125,0.125,0.125
33,33.0,33.0,0.125,0.125,0.125,0.125,0.125,0.125,0.125,0.125
34,34.0,34.0,0.125,0.125,0.125,0.125,0.125,0.125,0.125,0.125
35,35.0,35.0,0.125,0.125,0.125,0.125,0.125,0.125,0.125,0.125
36,36.0,36.0,0.125,0.125,0.125,0.125,0.125,0.125,0.125,0.125
37,37.0,37.0,0.125,0.125,0.125,0.125,0.125,0.125,0.125,0.125
38,38.0,38.0,0.125,0.125,0.125,0.125,0.125,0.125,0.125,0.125
39,39.0,39.0,0.125,0.125,0.125,0.125,0.125,0.125,0.125,0.125
40,40.0,40.0,0.125,0.125,0.125,0.125,0.125,0.125,0.125,0.125
41,41.0,41.0,0.125,0.125,0.125,0.125,0.125,0.125,0.125,0.125
42,42.0,42.0,0.125,0.125,0.125,0.125,0.125,0.125,0.125,0.125
43,43.0,43.0,0.125,0.125,0.125,0.125,0.125,0.125,0.125,0.125
44,44.0,44.0,0.125,0.125,0.125,0.125,0.125,0.125,0.125,0.125
45,45.0,45.0,0.125,0.125,0.125,0.125,0.125,0.125,0.125,0.125
46,46.0,46.0,0.125,0.125,0.125,0.125,0.125,0.125,0.125,0.125
47,47.0,47.0,0.125,0.125,0.125,0.125,0.125,0.125,0.125,0.125
48,48.0,48.0,0.125,0.125,0.125,0.125,0.125,0.125,0.125,0.125
49,49.0,49.0,0.125,0.125,0.125,0.125,0.125,0.125,0.125,0.125
50,50.0,50.0,0.125,0.125,0.125,0.125,0.125,0.125,0.125,0.125
51,51.0,51.0,0.125,0.125,0.125,0.125,0.125,0.125,0.125,0.125
52,52.0,52.0,0.125,0.125,0.125,0.125,0.125,0.125,0.125,0.125
53,53.0,53.0,0.125,0.125,0.125,0.125,0.125,0.125,0.125,0.125
54,54.0,54.0,0.125,0.125,0.125,0.125,0.125,0.125,0.125,0.125
55,55.0,55.0,0.125,0.125,0.125,0.125,0.125,0.125,0.125,0.125
56,56.0,56.0,0.125,0.125,0.125,0.125,0.125,0.125,0.125,0.125
57,57.0,57.0,0.125,0.125,0.125,0.125,0.125,0.125,0.125,0.125
58,58.0,58.0,0.125,0.125,0.125,0.125,0.125,0.125,0.125,0.125
59,59.0,59.0,0.125,0.125,0.125,0.125,0.125,0.125,0.125,0.125
60,60.0,60.0,0.125,0.125,0.125,0.125,0.125,0.125,0.125,0.125
61,61.0,61.0,0.125,0.125,0.125,0.125,0.125,0.125,0.125,0.125
62,62.0,62.0,0.125,0.125,0.125,0.125,0.125,0.125,0.125,0.125
63,63.0,63.0,0.125,0.125,0.125,0.125,0.125,0.125,0.125,0.125
64,64.0,64.0,0.125,0.125,0.125,0.125,0.125,0.125,0.125,0.125
65,65.0,65.0,0.125,0.125,0.125,0.125,0.125,0.125,0.125,0.125
66,66.0,66.0,0.125,0.125,0.125,0.125,0.125,0.125,0.125,0.125
67,67.0,67.0,0.125,0.125,0.125,0.125,0.125,0.125,0.125,0.125
68,68.0,68.0,0.125,0.125,0.125,0.125,0.125,0.125,0.125,0.125
69,69.0,69.0,0.125,0.125,0.125,0.125,0.125,0.125,0.125,0.125
70,70.0,70.0,0.125,0.125,0.125,0.125,0.125,0.125,0.125,0.125
71,71.0,71.0,0.125,0.125,0.125,0.125,0.125,0.125,0.125,0.125
72,72.0,72.0,0.125,0.125,0.125,0.125,0.125,0.125,0.125,0.125
73,73.0,73.0,0.125,0.125,0.125,0.125,0.125,0.125,0.125,0.125
74,74.0,74.0,0.125,0.125,0.125,0.125,0.125,0.125,0.125,0.125
75,75.0,75.0,0.125,0.125,0.125,0.125,0.125,0.125,0.125,0.125
76,76.0,76.0,0.125,0.125,0.125,0.125,0.125,0.125,0.125,0.125
77,77.0,77.0,0.125,0.125,0.125,0.125,0.125,0.125,0.125,0.125
78,78.0,78.0,0.125,0.125,0.125,0.125,0.125,0.125,0.125,0.125
79,79.0,79.0,0.125,0.125,0.125,0.125,0.125,0.125,0.125,0.125
80,80.0,80.0,0.125,0.125,0.125,0.125,0.125,0.125,0.125,0.125
81,81.0,81.0,0.125,0.125,0.125,0.125,0.125,0.125,0.125,0.125
82,82.0,82.0,0.125,0.125,0.125,0.125,0.125,0.125,0.125,0.125
83,83.0,83.0,0.125,0.125,0.125,0.125,0.125,0.125,0.125,0.125
84,84.0,84.0,0.125,0.125,0.125,0.125,0.125,0.125,0.125,0.125
85,85.0,85.0,0.125,0.125,0.125,0.125,0.125,0.125,0.125,0.125
86,86.0,86.0,0.125,0.125,0.125,0.125,0.125,0.125,0.125,0.125
87,87.0,87.0,0.125,0.125,0.125,0.125,0.125,0.125,0.125,0.125
88,88.0,88.0,0.125,0.125,0.125,0.125,0.125,0.125,0.125,0.125
89,89.0,89.0,0.125,0.125,0.125,0.125,0.125,0.125,0.125,0.125
90,90.0,90.1,0.125,0.125,0.125,0.125,0.125,0.125,0.125,0.125
91,91.0,91.1,0.125,0.125,0.125,0.125,0.125,0.125,0.125,0.125
92,92.0,92.1,0.125,0.125,0.125,0.125,0.125,0.125,0.125,0.125
93,93.0,93.1,0.125,0.125,0.125,0.125,0.125,0.125,0.125,0.125
94,94.0,94.1,0.125,0.125,0.125,0.125,0.125,0.125,0.125,0.125
95,95.0,95.2,0.125,0.125,0.125,0.125,0.125,0.125,0.125,0.125
96,96.0,96.2,0.125,0.125,0.125,0.125,0.125,0.125,0.125,0.125
97,97.0,97.2,0.125,0.125,0.125,0.125,0.125,0.125,0.125,0.125
98,98.0,98.2,0.125,0.125,0.125,0.125,0.125,0.125,0.125,0.125
99,99.0,99.3,0.125,0.125,0.125,0.125,0.125,0.125,0.125,0.125
100,100.0,100.3,0.125,0.125,0.125,0.125,0.125,0.125,0.125,0.125
101,101.0,101.3,0.125,0.125,0.125,0.125,0.125,0.125,0.125,0.125
102,102.0,102.3,0.125,0.125,0.125,0.125,0.125,0.125,0.125,0.125
103,103.0,103.3,0.125,0.125,0.125,0.125,0.125,0.125,0.125,0.125
104,104.0,104.3,0.125,0.125,0.125,0.125,0.125,0.125,0.125,0.125
105,105.0,105.3,0.125,0.125,0.125,0.125,0.125,0.125,0.125,0.125
106,106.0,106.3,0.125,0.125,0.125,0.125,0.125,0.125,0.125,0.125
107,107.0,107.3,0.125,0.125,0.125,0.125,0.125,0.125,0.125,0.125
108,108.0,108.3,0.125,0.125,0.125,0.125,0.125,0.125,0.125,0.125
109,109.0,109.3,0.125,0.125,0.125,0.125,0.125,0.125,0.125,0.125
110,110.0,110.3,0.125,0.125,0.125,0.125,0.125,0.125,0.125,0.125
111,111.0,111.3,0.125,0.125,0.125,0.125,0.125,0.125,0.125,0.125
112,112.0,112.3,0.125,0.125,0.125,0.125,0.125,0.125,0.125,0.125
113,113.0,113.3,0.125,0.125,0.125,0.125,0.125,0.125,0.125,0.125
114,114.0,114.3,0.125,0.125,0.125,0.125,0.125,0.125,0.125,0.125
115,115.0,115.3,0.125,0.125,0.125,0.125,0.125,0.125,0.125,0.125
116,116.0,116.3,0.125,0.125,0.125,0.125,0.125,0.125,0.125,0.125
117,117.0,117.3,0.125,0.125,0.125,0.125,0.125,0.125,0.125,0.125
118,118.0,118.3,0.125,0.125,0.125,0.125,0.125,0.125,0.125,0.125
119,119.0,119.3,0.125,0.125,0.125,0.125,0.125,0.125,0.125,0.125
120,120.0,120.3,0.125,0.125,0.125,0.125,0.125,0.125,0.125,0.125
121,121.0,121.3,0.125,0.125,0.125,0.125,0.125,0.125,0.125,0.125
122,122.0,122.3,0.125,0.125,0.125,0.125,0.125,0.125,0.125,0.125
123,123.0,123.3,0.125,0.125,0.125,0.125,0.125,0.125,0.125,0.125
124,124.0,124.3,0.125,0.125,0.125,0.125,0.125,0.125,0.125,0.125
125,125.0,125.3,0.125,0.125,0.125,0.125,0.125,0.125,0.125,0.125
126,126.0,126.3,0.125,0.125,0.125,0.125,0.125,0.125,0.125,0.125
127,127.0,127.3,0.125,0.125,0.125,0.125,0.125,0.125,0.125,0.125
128,128.0,128.4,0.125,0.125,0.125,0.125,0.125,0.125,0.125,0.125
129,129.0,129.4,0.125,0.125,0.125,0.125,0.125,0.125,0.125,0.125
130,130.0,130.4,0.125,0.125,0.125,0.125,0.125,0.125,0.125,0.125
131,131.0,131.4,0.125,0.125,0.125,0.125,0.125,0.125,0.125,0.125
132,132.0,132.4,0.125,0.125,0.125,0.125,0.125,0.125,0.125,0.125
133,133.0,133.4,0.125,0.125,0.125,0.125,0.125,0.125,0.125,0.125
134,134.0,134.4,0.125,0.125,0.125,0.125,0.125,0.125,0.125,0.125
135,135.0,135.4,0.125,0.125,0.125,0.125,0.125,0.125,0.125,0.125
136,136.0,136.4,0.125,0.125,0.125,0.125,0.125,0.125,0.125,0.125
137,137.0,137.4,0.125,0.125,0.125,0.125,0.125,0.125,0.125,0.125
138,138.0,138.4,0.125,0.125,0.125,0.125,0.125,0.125,0.125,0.125
139,139.0,139.4,0.125,0.125,0.125,0.125,0.125,0.125,0.125,0.125
140,140.0,140.4,0.125,0.125,0.125,0.125,0.125,0.125,0.125,0.125
141,141.0,141.4,0.125,0.125,0.125,0.125,0.125,0.125,0.125,0.125
142,142.0,142.4,0.125,0.125,0.125,0.125,0.125,0.125,0.125,0.125
143,143.0,143.4,0.125,0.125,0.125,0.125,0.125,0.125,0.125,0.125
144,144.0,144.4,0.125,0.125,0.125,0.125,0.125,0.125,0.125,0.125
145,145.0,145.4,0.125,0.125,0.125,0.125,0.125,0.125,0.125,0.125
146,146.0,146.4,0.125,0.125,0.125,0.125,0.125,0.125,0.125,0.125
147,147.0,147.4,0.125,0.125,0.125,0.125,0.125,0.125,0.125,0.125
148,148.0,148.4,0.125,0.125,0.125,0.125,0.125,0.125,0.125,0.125
149,149.0,149.4,0.125,0.125,0.125,0.125,0.125,0.125,0.125,0.125
150,150.0,150.4,0.125,0.125,0.125,0.125,0.125,0.125,0.125,0.125
151,151.0,151.4,0.125,0.125,0.125,0.125,0.125,0.125,0.125,0.125
152,152.0,152.4,0.125,0.125,0.125,0.125,0.125,0.125,0.125,0.125
153,153.0,153.4,0.125,0.125,0.125,0.125,0.125,0.125,0.125,0.125
154,154.0,154.4,0.125,0.125,0.125,0.125,0.125,0.125,0.125,0.125
155,155.0,155.4,0.125,0.125,0.125,0.125,0.125,0.125,0.125,0.125
156,156.0,156.4,0.125,0.125,0.125,0.125,0.125,0.125,0.125,0.125
157,157.0,157.4,0.125,0.125,0.125,0.125,0.125,0.125,0.125,0.125
158,158.0,158.4,0.125,0.125,0.125,0.125,0.125,0.125,0.125,0.125
159,159.0,159.4,0.125,0.125,0.125,0.125,0.125,0.125,0.125,0.125
160,160.0,160.4,0.125,0.125,0.125,0.125,0.125,0.125,0.125,0.125
161,161.0,161.4,0.125,0.125,0.125,0.125,0.125,0.125,0.125,0.125
162,162.0,162.4,0.125,0.125,0.125,0.125,0.125,0.125,0.125,0.125
163,163.0,163.4,0.125,0.125,0.125,0.125,0.125,0.125,0.125,0.125
164,164.0,164.4,0.125,0.125,0.125,0.125,0.125,0.125,0.125,0.125
165,165.0,165.4,0.125,0.125,0.125,0.125,0.125,0.125,0.125,0.125
166,166.0,166.4,0.125,0.125,0.125,0.125,0.125,0.125,0.125,0.125
167,167.0,167.4,0.125,0.125,0.125,0.125,0.125,0.125,0.125,0.125
168,168.0,168.4,0.125,0.125,0.125,0.125,0.125,0.125,0.125,0.125
169,169.0,169.4,0.125,0.125,0.125,0.125,0.125,0.125,0.125,0.125
170,170.0,170.4,0.125,0.125,0.125,0.125,0.125,0.125,0.125,0.125
171,171.0,171.4,0.125,0.125,0.125,0.125,0.125,0.125,0.125,0.125
172,172.0,172.4,0.125,0.125,0.125,0.125,0.125,0.125,0.125,0.125
173,173.0,173.4,0.125,0.125,0.125,0.125,0.125,0.125,0.125,0.125
174,174.0,174.4,0.125,0.125,0.125,0.125,0.125,0.125,0.125,0.125
175,175.0,175.4,0.125,0.125,0.125,0.125,0.125,0.125,0.125,0.125
176,176.0,176.4,0.125,0.125,0.125,0.125,0.125,0.125,0.125,0.125
177,177.0,177.4,0.125,0.125,0.125,0.125,0.125,0.125,0.125,0.125
178,178.0,178.4,0.125,0.125,0.125,0.125,0.125,0.125,0.125,0.125
179,179.0,179.4,0.125,0.125,0.125,0.125,0.125,0.125,0.125,0.125
180,180.0,180.4,0.125,0.125,0.125,0.125,0.125,0.125,0.125,0.125
181,181.0,181.4,0.125,0.125,0.125,0.125,0.125,0.125,0.125,0.125
182,182.0,182.4,0.125,0.125,0.125,0.125,0.125,0.125,0.125,0.125
183,183.0,183.4,0.125,0.125,0.125,0.125,0.125,0.125,0.125,0.125
184,184.0,184.4,0.125,0.125,0.125,0.125,0.125,0.125,0.125,0.125
185,185.0,185.4,0.125,0.125,0.125,0.125,0.125,0.125,0.125,0.125
186,186.0,186.4,0.125,0.125,0.125,0.125,0.125,0.125,0.125,0.125
187,187.0,187.4,0.125,0.125,0.125,0.125,0.125,0.125,0.125,0.125
188,188.0,188.4,0.125,0.125,0.125,0.125,0.125,0.125,0.125,0.125
189,189.0,189.4,0.125,0.125,0.125,0.125,0.125,0.125,0.125,0.125
190,190.0,190.4,0.125,0.125,0.125,0.125,0.125,0.125,0.125,0.125
191,191.0,191.4,0.125,0.125,0.125,0.125,0.125,0.125,0.125,0.125
192,192.0,192.4,0.125,0.125,0.125,0.125,0.125,0.125,0.125,0.125
193,193.0,193.4,0.125,0.125,0.125,0.125,0.125,0.125,0.125,0.125
194,194.0,194.4,0.125,0.125,0.125,0.125,0.125,0.125,0.125,0.125
195,195.0,195.4,0.125,0.125,0.125,0.125,0.125,0.125,0.125,0.125
196,196.0,196.4,0.125,0.125,0.125,0.125,0.125,0.125,0.125,0.125
197,197.0,197.4,0.125,0.125,0.125,0.125,0.125,0.125,0.125,0.125
198,198.0,198.4,0.125,0.125,0.125,0.125,0.125,0.125,0.125,0.125
199,199.0,199.4,0.12361111111111112,0.12361111111111112,0.12361111111111112,0.12361111111111112,0.12361111111111112,0.12361111111111112,0.12361111111111112,0.13472222222222224
200,200.0,200.4,0.12361111111111112,0.12361111111111112,0.12361111111111112,0.12361111111111112,0.12361111111111112,0.12361111111111112,0.12361111111111112,0.13472222222222224
201,201.0,201.4,0.12250000000000001,0.12250000000000001,0.12250000000000001,0.1325,0.12250000000000001,0.12250000000000001,0.12250000000000001,0.1325
202,202.0,202.4,0.12250000000000001,0.12250000000000001,0.12250000000000001,0.1325,0.12250000000000001,0.12250000000000001,0.12250000000000001,0.1325
203,203.0,203.4,0.12250000000000001,0.12250000000000001,0.12250000000000001,0.1325,0.12250000000000001,0.12250000000000001,0.12250000000000001,0.1325
204,204.0,204.4,0.11972222222222222,0.13083333333333333,0.11972222222222222,0.14083333333333334,0.12972222222222224,0.11972222222222222,0.11972222222222222,0.11972222222222222
205,205.0,205.4,0.11861111111111111,0.1297222222222222,0.11861111111111111,0.1386111111111111,0.12861111111111112,0.12861111111111112,0.11861111111111111,0.11861111111111111
206,206.0,206.4,0.11679292929292928,0.1279040404040404,0.11679292929292928,0.13497474747474747,0.13497474747474747,0.1349747474747475,0.11679292929292928,0.11679292929292928
207,207.0,207.4,0.11492424242424241,0.12492424242424242,0.12492424242424242,0.14068181818181819,0.1315909090909091,0.13310606060606062,0.11492424242424241,0.11492424242424241
208,208.0,208.4,0.11492424242424241,0.12492424242424242,0.12492424242424242,0.14068181818181819,0.1315909090909091,0.13310606060606062,0.11492424242424241,0.11492424242424241
209,209.0,209.4,0.11492424242424241,0.12492424242424242,0.12492424242424242,0.14068181818181819,0.1315909090909091,0.13310606060606062,0.11492424242424241,0.11492424242424241
210,210.0,210.4,0.11492424242424241,0.12492424242424242,0.12492424242424242,0.14068181818181819,0.1315909090909091,0.13310606060606062,0.11492424242424241,0.11492424242424241
211,211.0,211.4,0.11492424242424241,0.12492424242424242,0.12492424242424242,0.14068181818181819,0.1315909090909091,0.13310606060606062,0.11492424242424241,0.11492424242424241
212,212.0,212.4,0.11492424242424241,0.12492424242424242,0.12492424242424242,0.13234848484848485,0.13992424242424245,0.13310606060606062,0.11492424242424241,0.11492424242424241
213,213.0,213.4,0.11428321678321678,0.12428321678321679,0.12428321678321679,0.13875874125874127,0.13736013986013987,0.13246503496503498,0.11428321678321678,0.11428321678321678
214,214.0,214.4,0.11428321678321678,0.12428321678321679,0.12428321678321679,0.13875874125874127,0.13736013986013987,0.13246503496503498,0.11428321678321678,0.11428321678321678
215,215.0,215.4,0.11428321678321678,0.12428321678321679,0.12428321678321679,0.13875874125874127,0.13736013986013987,0.13246503496503498,0.11428321678321678,0.11428321678321678
216,216.0,216.4,0.12087662337662337,0.12373376623376622,0.12373376623376622,0.13711038961038963,0.13516233766233768,0.13191558441558443,0.11373376623376623,0.11373376623376623
217,217.0,217.4,0.12087662337662337,0.12373376623376622,0.12373376623376622,0.13711038961038963,0.13516233766233768,0.13191558441558443,0.11373376623376623,0.11373376623376623
218,218.0,218.4,0.12087662337662337,0.12373376623376622,0.12373376623376622,0.13711038961038963,0.13516233766233768,0.13191558441558443,0.11373376623376623,0.11373376623376623
219,219.0,219.4,0.12087662337662337,0.12373376623376622,0.12373376623376622,0.14425324675324674,0.1280194805194805,0.13191558441558443,0.11373376623376623,0.11373376623376623
220,220.0,220.4,0.12087662337662337,0.12373376623376622,0.12373376623376622,0.14425324675324674,0.1280194805194805,0.13191558441558443,0.11373376623376623,0.11373376623376623
221,221.0,221.4,0.12087662337662337,0.12373376623376622,0.12373376623376622,0.14425324675324674,0.1280194805194805,0.13191558441558443,0.11373376623376623,0.11373376623376623
222,222.0,222.4,0.12087662337662337,0.12373376623376622,0.12373376623376622,0.14425324675324674,0.1280194805194805,0.13191558441558443,0.11373376623376623,0.11373376623376623
223,223.0,223.4,0.11992424242424242,0.12992424242424241,0.12325757575757575,0.14234848484848484,0.12659090909090912,0.13143939393939394,0.11325757575757575,0.11325757575757575
224,224.0,224.4,0.11992424242424242,0.12992424242424241,0.12325757575757575,0.14234848484848484,0.12659090909090912,0.13143939393939394,0.11325757575757575,0.11325757575757575
225,225.0,225.4,0.1253409090909091,0.1290909090909091,0.12284090909090908,0.1315909090909091,0.1253409090909091,0.14011363636363636,0.11284090909090909,0.11284090909090909
226,226.0,226.4,0.12458333333333334,0.12833333333333333,0.12208333333333332,0.13083333333333333,0.12458333333333334,0.1454166666666667,0.11208333333333331,0.11208333333333331
227,227.0,227.4,0.12255341880341881,0.1325534188034188,0.1200534188034188,0.12255341880341881,0.1336645299145299,0.14851495726495728,0.11005341880341879,0.11005341880341879
228,228.0,228.4,0.12089285714285714,0.14089285714285713,0.11839285714285715,0.12089285714285714,0.1380357142857143,0.14410714285714285,0.10839285714285714,0.10839285714285714
229,229.0,229.4,0.12089285714285714,0.14089285714285713,0.11839285714285715,0.12089285714285714,0.1380357142857143,0.14410714285714285,0.10839285714285714,0.10839285714285714
230,230.0,230.4,0.12129608294930876,0.14129608294930876,0.11772081413210445,0.12129608294930876,0.1384389400921659,0.14235983102918587,0.10772081413210444,0.10987135176651304
231,231.0,231.4,0.12024972368057474,0.13934063277148384,0.11668589389334069,0.12131355346780878,0.14557439900525007,0.14133634982039237,0.10668589389334068,0.10881355346780879
232,232.0,232.4,0.12011534518113465,0.13920625427204375,0.11761534518113466,0.12116797676008202,0.14544002050580998,0.1412243677375256,0.10656271360218728,0.10866797676008202
233,233.0,233.4,0.11872645629224576,0.13781736538315487,0.11622645629224578,0.11977908787119314,0.1440511316169211,0.13983547884863673,0.1162849358244095,0.10727908787119314
234,234.0,234.4,0.11872645629224576,0.14690827447406393,0.11622645629224578,0.11977908787119314,0.12781736538315486,0.14697833599149387,0.1162849358244095,0.10727908787119314
235,235.0,235.4,0.11859487734487735,0.14677669552669553,0.11609487734487736,0.119636544011544,0.1287274531024531,0.14686868686868687,0.11616432178932179,0.107136544011544
236,236.0,236.4,0.11783730158730159,0.14450396825396825,0.12367063492063493,0.11887896825396824,0.1272123015873016,0.1461111111111111,0.11540674603174603,0.10637896825396824
237,237.0,237.4,0.11736111111111111,0.14402777777777778,0.12319444444444445,0.11840277777777777,0.1267361111111111,0.14944444444444444,0.11493055555555554,0.10590277777777776
238,238.0,238.4,0.11630341880341881,0.1416880341880342,0.1291880341880342,0.11734508547008546,0.12503739316239315,0.15172008547008548,0.11387286324786325,0.10484508547008545
239,239.0,239.4,0.11519230769230768,0.14057692307692307,0.12807692307692306,0.12623397435897438,0.12392628205128205,0.15060897435897436,0.11165064102564101,0.10373397435897433
240,240.0,240.4,0.11482466063348415,0.14020927601809954,0.12770927601809953,0.12586632730015085,0.12355863499245852,0.15318250377073908,0.11128299396681748,0.10336632730015083
241,241.0,241.4,0.11358877233877233,0.1389733877233877,0.12647338772338773,0.12372134809634808,0.1223227466977467,0.16365190365190366,0.10913801476301474,0.10213043900543899
242,242.0,242.4,0.11253879892037785,0.13792341430499325,0.12542341430499324,0.1302471322537112,0.12127277327935222,0.16418353576248312,0.10733046558704454,0.10108046558704453
243,243.0,243.4,0.112275641025641,0.13766025641025642,0.1251602564102564,0.12998397435897435,0.12100961538461537,0.16602564102564102,0.10706730769230768,0.10081730769230768
244,244.0,244.4,0.11203754578754577,0.13742216117216116,0.12492216117216118,0.12974587912087912,0.12077152014652012,0.16769230769230767,0.10682921245421244,0.10057921245421245
245,245.0,245.4,0.11182109557109557,0.13720571095571094,0.12470571095571095,0.12952942890442892,0.12055506993006992,0.1692074592074592,0.10661276223776221,0.10036276223776222
246,246.0,246.4,0.11182109557109557,0.13720571095571094,0.12470571095571095,0.12952942890442892,0.12055506993006992,0.1692074592074592,0.10661276223776221,0.10036276223776222
247,247.0,247.4,0.11162346711259752,0.1370080824972129,0.12450808249721293,0.12933180044593087,0.1203574414715719,0.17059085841694535,0.10641513377926419,0.1001651337792642
248,248.0,248.4,0.11144230769230767,0.13682692307692307,0.12432692307692306,0.12915064102564103,0.12017628205128203,0.17185897435897435,0.10623397435897433,0.09998397435897434
249,249.0,249.4,0.11127564102564103,0.1366602564102564,0.12416025641025641,0.12898397435897435,0.12000961538461537,0.17302564102564102,0.10606730769230768,0.09981730769230768
250,250.0,250.4,0.10070512820512818,0.14608974358974355,0.12608974358974356,0.1350801282051282,0.12277243589743589,0.1678525641025641,0.09966346153846152,0.10174679487179486
251,251.0,251.4,0.10056267806267805,0.14594729344729343,0.12594729344729344,0.13493767806267806,0.12262998575498577,0.16884971509971508,0.09952101139601137,0.1016043447293447
252,252.0,252.4,0.11722934472934472,0.14594729344729343,0.12594729344729344,0.12493767806267805,0.11596331908831907,0.16884971509971508,0.09952101139601137,0.1016043447293447
253,253.0,253.4,0.1170970695970696,0.14581501831501828,0.12581501831501832,0.12480540293040292,0.11583104395604396,0.16977564102564102,0.09938873626373625,0.10147206959706959
254,254.0,254.4,0.11697391688771,0.14569186560565867,0.1256918656056587,0.12468225022104332,0.11570789124668435,0.17063770999115827,0.09926558355437663,0.10134891688770997
255,255.0,255.4,0.11697391688771,0.14569186560565867,0.1256918656056587,0.12468225022104332,0.11570789124668435,0.17063770999115827,0.09926558355437663,0.10134891688770997
256,256.0,256.4,0.11066849816849818,0.1546245421245421,0.12938644688644688,0.11885302197802197,0.11654532967032967,0.16858516483516484,0.09962683150183148,0.10171016483516482
257,257.0,257.4,0.11008478081058723,0.1521360628618693,0.12869520264681553,0.1177931141439206,0.12215208850289497,0.1689691894127378,0.09904311414392057,0.10112644747725393
258,258.0,258.4,0.0994345238095238,0.15038690476190475,0.1268452380952381,0.11714285714285715,0.1280952380952381,0.17922619047619046,0.09839285714285713,0.10047619047619047
259,259.0,259.4,0.09844696969696967,0.1534469696969697,0.12481060606060605,0.11573863636363638,0.1315719696969697,0.1790909090909091,0.09740530303030302,0.09948863636363635
260,260.0,260.4,0.09803030303030302,0.15178030303030304,0.12356060606060607,0.1153219696969697,0.1365719696969697,0.17867424242424243,0.09698863636363636,0.09907196969696969
261,261.0,261.4,0.0976626559714795,0.1503097147950089,0.12245766488413548,0.11495432263814617,0.13510138146167558,0.1783065953654189,0.09662098930481283,0.10458667557932264
262,262.0,262.4,0.09724673202614378,0.15741013071895424,0.12129901960784313,0.11453839869281043,0.13370506535947713,0.1757516339869281,0.09620506535947711,0.10384395424836601
263,263.0,263.4,0.0971626984126984,0.1572420634920635,0.12113095238095237,0.11445436507936506,0.13362103174603174,0.17365079365079367,0.09897817460317458,0.10375992063492064
264,264.0,264.4,0.09708333333333331,0.1570833333333333,0.12097222222222222,0.11437499999999998,0.13354166666666667,0.17444444444444446,0.09881944444444443,0.10368055555555555
265,265.0,265.4,0.09708333333333331,0.1570833333333333,0.12097222222222222,0.11437499999999998,0.13354166666666667,0.17444444444444446,0.09881944444444443,0.10368055555555555
266,266.0,266.4,0.09700825825825823,0.15693318318318317,0.12352477477477478,0.11429992492492491,0.13346659159159158,0.1724924924924925,0.09866929429429427,0.10360548048048046
267,267.0,267.4,0.09656948744410043,0.16083505331957343,0.1229437564499484,0.11349350705194357,0.1319248796009632,0.17290720674234605,0.09815939972480218,0.10316670966632265
268,268.0,268.4,0.09617521367521366,0.15873931623931622,0.1224145299145299,0.11277243589743588,0.13610576923076922,0.1733226495726496,0.09769764957264955,0.10277243589743587
269,269.0,269.4,0.09611111111111109,0.1586111111111111,0.1222222222222222,0.11270833333333333,0.13604166666666667,0.17402777777777778,0.09756944444444442,0.10270833333333332
270,270.0,270.4,0.096050135501355,0.1584891598915989,0.12203929539295391,0.11264735772357722,0.13598069105691057,0.17469850948509485,0.09744749322493222,0.10264735772357722
271,271.0,271.4,0.09599206349206348,0.15837301587301586,0.12186507936507936,0.1125892857142857,0.13592261904761904,0.1753373015873016,0.09733134920634919,0.10258928571428569
272,272.0,272.4,0.09593669250645992,0.15826227390180878,0.12169896640826872,0.10697835917312659,0.1358672480620155,0.17594638242894056,0.10277616279069765,0.10253391472868216
273,273.0,273.4,0.09559144072301966,0.1616653375863902,0.12124800637958533,0.10663310738968632,0.13435240563530038,0.1739626528442318,0.1020856592238171,0.10446139021796914
274,274.0,274.4,0.09527777777777777,0.16472222222222221,0.12083333333333332,0.10631944444444444,0.1329861111111111,0.17430555555555555,0.10145833333333332,0.1040972222222222
275,275.0,275.4,0.0952294685990338,0.1646256038647343,0.12068840579710145,0.10627113526570046,0.13293780193236715,0.17488526570048307,0.10136171497584541,0.10400060386473431
276,276.0,276.4,0.09518321513002362,0.16453309692671395,0.12054964539007092,0.10622488179669029,0.13289154846335696,0.17544030732860522,0.10126920803782505,0.10390809692671392
277,277.0,277.4,0.09513888888888887,0.16444444444444445,0.12041666666666666,0.10618055555555554,0.13284722222222223,0.17597222222222222,0.10118055555555552,0.10381944444444442
278,278.0,278.4,0.09485827664399091,0.16245464852607708,0.12005102040816326,0.10589994331065758,0.1316142290249433,0.1810062358276644,0.10061933106575963,0.10349631519274376
279,279.0,279.4,0.09481746031746031,0.16237301587301586,0.11992857142857143,0.10585912698412696,0.1315734126984127,0.18149603174603174,0.1005376984126984,0.10341468253968253
280,280.0,280.4,0.09456179441473558,0.1605629827688651,0.11959447415329767,0.11014891562685677,0.1304519459298871,0.18153371954842543,0.10002636660724895,0.1031198009506833
281,281.0,281.4,0.094326458565589,0.1589065403195838,0.11928372352285395,0.10971595131921216,0.13377392233370494,0.18159095131921218,0.09955569490895574,0.10284675771088811
282,282.0,282.4,0.09827568134171906,0.15738469601677146,0.11899371069182388,0.10931734800838573,0.13265068134171906,0.1816640461215933,0.09912080712788258,0.10259302935010481
283,283.0,283.4,0.0979074074074074,0.15598148148148147,0.11872222222222222,0.10894907407407406,0.13561574074074073,0.18175000000000002,0.09871759259259258,0.10235648148148146
284,284.0,284.4,0.09756604506604503,0.15852952602952602,0.11846736596736596,0.1086077117327117,0.13450514763014762,0.1818463480963481,0.09834256021756019,0.10213529526029523
285,285.0,285.4,0.09753357753357751,0.15846459096459095,0.11836996336996335,0.10857524420024418,0.1344726800976801,0.18223595848595847,0.09827762515262514,0.10207036019536017
286,286.0,286.4,0.09721734892787523,0.15711988304093566,0.11813352826510722,0.1082590155945419,0.1334442007797271,0.18232699805068225,0.10163377192982455,0.10186525341130603
287,287.0,287.4,0.09692255062944717,0.15586891078270387,0.11963464696223317,0.10796421729611383,0.13605945539135195,0.1807012862616311,0.10117645046524353,0.1016724822112753
288,288.0,288.4,0.09870640950711082,0.15331320215598415,0.129116825767907,0.10629980031170852,0.1353510374050263,0.17775107149814923,0.09935965809468145,0.10010199525943242
289,289.0,289.4,0.0972222222222222,0.15444444444444444,0.13666666666666666,0.10493055555555553,0.1332638888888889,0.17680555555555558,0.0978472222222222,0.09881944444444443
290,290.0,290.4,0.09628580890875972,0.15348070872661038,0.14292101341281666,0.10399414224209305,0.1323001531710548,0.1762789783076668,0.09688348650438813,0.09785570872661034
291,291.0,291.4,0.09517921146953404,0.15159498207885302,0.14801075268817204,0.1029950716845878,0.13385528673835126,0.175676523297491,0.09575044802867382,0.0969377240143369
292,292.0,292.4,0.09421016483516481,0.15301968864468862,0.15229471916971915,0.10212683150183148,0.13225579975579976,0.1751923076923077,0.09475579975579973,0.09614468864468863
293,293.0,293.4,0.09418536324786322,0.15297008547008545,0.1537580128205128,0.10210202991452991,0.13220619658119656,0.1739770299145299,0.09470619658119657,0.09609508547008547
294,294.0,294.4,0.09361187423687421,0.15237255799755797,0.15034111721611718,0.10152854090354087,0.1316086691086691,0.1737881562881563,0.10125152625152622,0.09549755799755798
295,295.0,295.4,0.09311237373737372,0.15184974747474747,0.15554924242424242,0.10102904040404037,0.13108585858585858,0.17214646464646466,0.10025252525252523,0.09497474747474746
296,296.0,296.4,0.09269570707070705,0.1514330808080808,0.15888257575757575,0.10061237373737372,0.13066919191919193,0.17172979797979798,0.09941919191919191,0.0945580808080808
297,297.0,297.4,0.09232806001188353,0.15694778669043374,0.15442624777183597,0.10024472667855018,0.13030154486036838,0.17287730243612595,0.09868389780154484,0.09419043374925727
298,298.0,298.4,0.0920012626262626,0.15629419191919192,0.15736742424242423,0.09991792929292927,0.12997474747474747,0.17255050505050504,0.09803030303030301,0.09386363636363634
299,299.0,299.4,0.09170886496544389,0.15570939659755448,0.15999900318979263,0.09962553163211056,0.12968234981392873,0.17225810738968633,0.09744550770866559,0.09357123870281764
300,300.0,300.4,0.09142309286898838,0.15513785240464345,0.1622543532338308,0.09933975953565503,0.12937396351575456,0.1723341625207297,0.09687396351575454,0.09326285240464344
301,301.0,301.4,0.08503580408250604,0.15577053289619489,0.16449801682830084,0.0993032772007856,0.13004312634217544,0.17229768018586025,0.09992599884601568,0.0931255636181611
302,302.0,302.4,0.08481935386605581,0.159883087008749,0.16190061423089824,0.09908682698433538,0.12982667612572524,0.17208122996941003,0.09949309841311524,0.09290911340171087
303,303.0,303.4,0.08459977632941908,0.1592463034769775,0.1637671534251849,0.09886724944769865,0.12958514951094977,0.17221283768299278,0.09905394333984176,0.09266758678693542
304,304.0,304.4,0.0849909420289855,0.15164855072463768,0.16745471014492755,0.09915760869565217,0.13268115942028985,0.17139492753623187,0.09894021739130435,0.093731884057971
305,305.0,305.4,0.08470887445887444,0.1499707792207792,0.1663517316017316,0.10181114718614717,0.13160010822510823,0.16994155844155845,0.09818668831168831,0.09742911255411255
306,306.0,306.4,0.08444578102096742,0.14839948059397104,0.16783418838824804,0.10136980062881054,0.1335249373313789,0.16995151148216597,0.09748224831644466,0.09699205223801328
307,307.0,307.4,0.08430333087851728,0.15792583387032433,0.1656974362514959,0.10122735048636042,0.12713248718892878,0.16980906133971585,0.09719734803154437,0.096707151953113
308,308.0,308.4,0.08269813324390787,0.15499944109099034,0.17692292644757432,0.09945408562486026,0.12762812989045383,0.16811983009166107,0.0952077744243237,0.09496967918622846
309,309.0,309.4,0.0826187681645428,0.15404706013860942,0.17684356136820925,0.09921599038676501,0.12675511401743794,0.17073887771070867,0.0948903141068634,0.09489031410686337
310,310.0,310.4,0.08242054038010813,0.15265354840027007,0.17479804294338047,0.09886761245218018,0.12580613548225253,0.17309320247882654,0.09434370838784388,0.09801720947513806
311,311.0,311.4,0.0823055978513725,0.15219377828532757,0.17295896248361037,0.09875266992344454,0.12569119295351688,0.17297825995009092,0.09411382333037262,0.1010057152222645
312,312.0,312.4,0.08223889562774554,0.15184532007463283,0.1714834803246444,0.10191177415143052,0.12570614004607691,0.17362598924310002,0.0925311435207999,0.10065725701156976
313,313.0,313.4,0.08100627413127412,0.15028957528957526,0.17064913127413125,0.10057834620334619,0.12443211068211069,0.18274533462033463,0.09119771557271555,0.09910151222651221
314,314.0,314.4,0.08000248625248624,0.14900169650169648,0.17025140400140398,0.09947986135486134,0.12342832280332279,0.18083245583245583,0.0991901398151398,0.09781363343863342
315,315.0,315.4,0.08000248625248624,0.14900169650169648,0.17025140400140398,0.09947986135486134,0.12342832280332279,0.18083245583245583,0.0991901398151398,0.09781363343863342
316,316.0,316.4,0.07998236552814017,0.14896145505300434,0.17316098268563057,0.09945974063051526,0.12336796063028457,0.18115438742199305,0.09917001909079373,0.09474308895963825
317,317.0,317.4,0.07989323896842537,0.14860494881414515,0.1744087545216377,0.09928148751108566,0.12327883407056976,0.18106526086227825,0.09899176597136414,0.09447570928049384
318,318.0,318.4,0.07971851978430924,0.15000778461304776,0.17539673046251994,0.09888048720285561,0.12235375370243788,0.18100972127287915,0.09851964190779977,0.0941133610541505
319,319.0,319.4,0.07955265244648804,0.14877507956275077,0.17632620993922363,0.09987016503283624,0.1214750707815776,0.17959500164979614,0.09807198034081593,0.09633384024651145
320,320.0,320.4,0.07865589904973466,0.14938387017154137,0.18413134024435396,0.09877013143280265,0.11993729174379857,0.1777483648031593,0.09615026841910403,0.09522283413550534
321,321.0,321.4,0.07788277404361864,0.14760469097259327,0.18451288329989948,0.10549623914414785,0.12099343503036548,0.17478142431305074,0.0944820671873598,0.09424648600896467
322,322.0,322.4,0.07773871398871399,0.14648475398475397,0.18508674883674886,0.105150047025047,0.12017355954855953,0.1748148698148698,0.0940963147213147,0.09645499207999206
323,323.0,323.4,0.0776653249850924,0.14799910554561715,0.1848498807394156,0.10494789803220032,0.11945505366726294,0.17491771019677996,0.09385681276088251,0.09630821407274892
324,324.0,324.4,0.0776653249850924,0.14799910554561715,0.1848498807394156,0.10494789803220032,0.11945505366726294,0.17491771019677996,0.09385681276088251,0.09630821407274892
325,325.0,325.4,0.07711587443564186,0.1474496549961666,0.18320152909106396,0.10384899693329923,0.1189056031178124,0.18096166624073598,0.0927579116619814,0.09575876352329837
326,326.0,326.4,0.07725447457424199,0.15070675825326985,0.1838252297147646,0.10412619721049951,0.11904420325641255,0.18110026637933613,0.09303511193918168,0.09090775867229353
327,327.0,327.4,0.07718335081890772,0.15298271842396688,0.1821893833420761,0.10398394969983096,0.11897307950107827,0.18102914262400185,0.09289286442851312,0.09076551116162497
328,328.0,328.4,0.07711587443564186,0.15257786012437172,0.18320152909106396,0.10384899693329923,0.1189056031178124,0.18096166624073598,0.0927579116619814,0.09063055839509325
329,329.0,329.4,0.07671480133034339,0.1522519043899653,0.18896544592540335,0.10304685072270234,0.11865476475429797,0.17818098213610822,0.09188064808049247,0.09030460266068681
330,330.0,330.4,0.07633394383394382,0.15500763125763123,0.18489163614163615,0.10234050671550668,0.11646291208791207,0.17750457875457873,0.09124923687423685,0.09620955433455432
331,331.0,331.4,0.07589189991432649,0.1560415780741193,0.19048471174928178,0.10140104789066848,0.1154291065618788,0.17515275637542,0.09027343293898535,0.09532546649531966
332,332.0,332.4,0.07721725091991005,0.14741578526228,0.18033570378050637,0.10255658808690635,0.1191105317258621,0.17631954501313887,0.09137611901260168,0.10566847619879446
333,333.0,333.4,0.0762800273750825,0.1480632575094653,0.17662787605904878,0.1083744486895589,0.11707440708213342,0.17472872669706946,0.09560667802795264,0.10324457855968878
334,334.0,334.4,0.07576479076479073,0.1467424242424242,0.17723304473304474,0.10734397546897542,0.11564484126984127,0.18049963924963924,0.09503336940836939,0.10173791486291486
335,335.0,335.4,0.07570941977918719,0.1463548273431994,0.17811898050270142,0.10723323349776837,0.11558947028423772,0.18044426826403567,0.09492262743716227,0.10162717289170775
336,336.0,336.4,0.07565656565656563,0.13931818181818179,0.184520202020202,0.10712752525252522,0.11553661616161615,0.18705808080808078,0.08926136363636362,0.10152146464646461
337,337.0,337.4,0.07531366294524187,0.14089447102604996,0.18135167464114832,0.10644171982987767,0.11519371345029239,0.1861303827751196,0.09383871610845293,0.1008356592238171
338,338.0,338.4,0.07504187841144361,0.1403242047807265,0.1809114436288349,0.10589815076228115,0.1150012939958592,0.18453863165819687,0.09799230660643701,0.10029209015622058
339,339.0,339.4,0.07438711650668171,0.13966944287596458,0.18531620553359682,0.10935053171466214,0.11351319875776396,0.18257434594391114,0.0966232589873894,0.09856589968003009
340,340.0,340.4,0.07401946944785819,0.13930179581714108,0.18600948284452118,0.10861523759701508,0.11241025758129335,0.18004283333886914,0.09625561192856587,0.10334531144473598
341,341.0,341.4,0.07369267206223726,0.13897499843152014,0.18535588807327935,0.10796164282577325,0.11698542097998618,0.17906244118200637,0.09592881454294494,0.10203812190225232
342,342.0,342.4,0.07340027440141855,0.13868260077070144,0.1847710927516419,0.10737684750413581,0.12107898823144818,0.17818524819955023,0.09563641688212624,0.10086853125897743
343,343.0,343.4,0.07424822761779283,0.13953055398707573,0.19511779283518413,0.09319973806386847,0.12087430986887508,0.17961799673756196,0.09648437009850051,0.10092701079114122
344,344.0,344.4,0.07296268309695418,0.1428324808184143,0.1928696814694257,0.0917397601333023,0.11967279896148182,0.1859060877315353,0.09454947492831123,0.09946703286057504
345,345.0,345.4,0.07180971026035507,0.14115810524024594,0.19071132641097815,0.090342905369195,0.1235198261248827,0.1916305852506674,0.09275736324720787,0.09807017809646773
346,346.0,346.4,0.07058855360325947,0.13944550547491721,0.19025241914947794,0.08865816781257954,0.12587009803921567,0.19416093710211357,0.0951150687547746,0.09590925006366179
347,347.0,347.4,0.06968856073898087,0.13824789356301959,0.18990128219119812,0.09519151541735571,0.12821685842169034,0.19026394124083199,0.0941725588836933,0.09431738954322985
348,348.0,348.4,0.06968856073898087,0.13824789356301959,0.1940679488578648,0.09666210365264985,0.12821685842169034,0.18879335300553787,0.09000589221702664,0.09431738954322985
349,349.0,349.4,0.06932426561381619,0.13771693177118824,0.19617269194086875,0.10028133948927698,0.12646916408703948,0.1877004676300438,0.08914159709186195,0.09319354237590441
350,350.0,350.4,0.06912960313343944,0.137082708851251,0.19532810795342762,0.10373816837467728,0.1262745016066627,0.1871981128419747,0.08844457982341611,0.0928042174151509
351,351.0,351.4,0.06911233652530364,0.1368128815173324,0.19621426540148149,0.1037255842365444,0.12630113315480435,0.1866760174366484,0.08838809752900581,0.09276968419887931
352,352.0,352.4,0.07052326829181046,0.1364673242358664,0.19471272333804301,0.10358432222083111,0.12619757852973962,0.18757367845283443,0.08829073366956995,0.09265037126130472
353,353.0,353.4,0.07030582440127388,0.13599588905360266,0.19500352496190448,0.10296827501946808,0.12471201869717405,0.19112429791813806,0.08803700530878664,0.09185316463965185
354,354.0,354.4,0.07016337425882373,0.1357109887687024,0.1987533154764009,0.10254092459211768,0.12456956855472393,0.18922635925549353,0.08746720473898606,0.09156826435475154
355,355.0,355.4,0.06998847338059805,0.1354038127582016,0.20208455135239384,0.10208016057636646,0.12437335480352296,0.18789176744775593,0.08691679133691026,0.09126108834425074
