Total_iterations,Unnamed: 0.1,Intertwine_two,Add_vertex,Delete_vertex,Invert_path_vertices,Insert_inside_vertex,Delete_inside_vertex,Replace_inside_vertex,Donate_between_routes
0,0.0,0.125,0.125,0.125,0.125,0.125,0.125,0.125,0.125
1,1.0,0.125,0.125,0.125,0.125,0.125,0.125,0.125,0.125
2,2.0,0.125,0.125,0.125,0.125,0.125,0.125,0.125,0.125
3,3.0,0.125,0.125,0.125,0.125,0.125,0.125,0.125,0.125
4,4.0,0.125,0.125,0.125,0.125,0.125,0.125,0.125,0.125
5,5.0,0.125,0.125,0.125,0.125,0.125,0.125,0.125,0.125
6,6.0,0.125,0.125,0.125,0.125,0.125,0.125,0.125,0.125
7,7.0,0.125,0.125,0.125,0.125,0.125,0.125,0.125,0.125
8,8.0,0.125,0.125,0.125,0.125,0.125,0.125,0.125,0.125
9,9.0,0.125,0.125,0.125,0.125,0.125,0.125,0.125,0.125
10,10.0,0.125,0.125,0.125,0.125,0.125,0.125,0.125,0.125
11,11.0,0.125,0.125,0.125,0.125,0.125,0.125,0.125,0.125
12,12.0,0.125,0.125,0.125,0.125,0.125,0.125,0.125,0.125
13,13.0,0.125,0.125,0.125,0.125,0.125,0.125,0.125,0.125
14,14.0,0.125,0.125,0.125,0.125,0.125,0.125,0.125,0.125
15,15.0,0.125,0.125,0.125,0.125,0.125,0.125,0.125,0.125
16,16.0,0.125,0.125,0.125,0.125,0.125,0.125,0.125,0.125
17,17.0,0.125,0.125,0.125,0.125,0.125,0.125,0.125,0.125
18,18.0,0.125,0.125,0.125,0.125,0.125,0.125,0.125,0.125
19,19.0,0.125,0.125,0.125,0.125,0.125,0.125,0.125,0.125
20,20.0,0.125,0.125,0.125,0.125,0.125,0.125,0.125,0.125
21,21.0,0.125,0.125,0.125,0.125,0.125,0.125,0.125,0.125
22,22.0,0.125,0.125,0.125,0.125,0.125,0.125,0.125,0.125
23,23.0,0.125,0.125,0.125,0.125,0.125,0.125,0.125,0.125
24,24.0,0.125,0.125,0.125,0.125,0.125,0.125,0.125,0.125
25,25.0,0.125,0.125,0.125,0.125,0.125,0.125,0.125,0.125
26,26.0,0.125,0.125,0.125,0.125,0.125,0.125,0.125,0.125
27,27.0,0.125,0.125,0.125,0.125,0.125,0.125,0.125,0.125
28,28.0,0.125,0.125,0.125,0.125,0.125,0.125,0.125,0.125
29,29.0,0.125,0.125,0.125,0.125,0.125,0.125,0.125,0.125
30,30.0,0.125,0.125,0.125,0.125,0.125,0.125,0.125,0.125
31,31.0,0.125,0.125,0.125,0.125,0.125,0.125,0.125,0.125
32,32.0,0.125,0.125,0.125,0.125,0.125,0.125,0.125,0.125
33,33.0,0.125,0.125,0.125,0.125,0.125,0.125,0.125,0.125
34,34.0,0.125,0.125,0.125,0.125,0.125,0.125,0.125,0.125
35,35.0,0.125,0.125,0.125,0.125,0.125,0.125,0.125,0.125
36,36.0,0.125,0.125,0.125,0.125,0.125,0.125,0.125,0.125
37,37.0,0.125,0.125,0.125,0.125,0.125,0.125,0.125,0.125
38,38.0,0.125,0.125,0.125,0.125,0.125,0.125,0.125,0.125
39,39.0,0.125,0.125,0.125,0.125,0.125,0.125,0.125,0.125
40,40.0,0.125,0.125,0.125,0.125,0.125,0.125,0.125,0.125
41,41.0,0.125,0.125,0.125,0.125,0.125,0.125,0.125,0.125
42,42.0,0.125,0.125,0.125,0.125,0.125,0.125,0.125,0.125
43,43.0,0.125,0.125,0.125,0.125,0.125,0.125,0.125,0.125
44,44.0,0.125,0.125,0.125,0.125,0.125,0.125,0.125,0.125
45,45.0,0.125,0.125,0.125,0.125,0.125,0.125,0.125,0.125
46,46.0,0.125,0.125,0.125,0.125,0.125,0.125,0.125,0.125
47,47.0,0.125,0.125,0.125,0.125,0.125,0.125,0.125,0.125
48,48.0,0.125,0.125,0.125,0.125,0.125,0.125,0.125,0.125
49,49.0,0.125,0.125,0.125,0.125,0.125,0.125,0.125,0.125
50,50.0,0.125,0.125,0.125,0.125,0.125,0.125,0.125,0.125
51,51.0,0.125,0.125,0.125,0.125,0.125,0.125,0.125,0.125
52,52.0,0.125,0.125,0.125,0.125,0.125,0.125,0.125,0.125
53,53.0,0.125,0.125,0.125,0.125,0.125,0.125,0.125,0.125
54,54.0,0.125,0.125,0.125,0.125,0.125,0.125,0.125,0.125
55,55.0,0.125,0.125,0.125,0.125,0.125,0.125,0.125,0.125
56,56.0,0.125,0.125,0.125,0.125,0.125,0.125,0.125,0.125
57,57.0,0.125,0.125,0.125,0.125,0.125,0.125,0.125,0.125
58,58.0,0.125,0.125,0.125,0.125,0.125,0.125,0.125,0.125
59,59.0,0.125,0.125,0.125,0.125,0.125,0.125,0.125,0.125
60,60.0,0.125,0.125,0.125,0.125,0.125,0.125,0.125,0.125
61,61.0,0.125,0.125,0.125,0.125,0.125,0.125,0.125,0.125
62,62.0,0.125,0.125,0.125,0.125,0.125,0.125,0.125,0.125
63,63.0,0.125,0.125,0.125,0.125,0.125,0.125,0.125,0.125
64,64.0,0.125,0.125,0.125,0.125,0.125,0.125,0.125,0.125
65,65.0,0.125,0.125,0.125,0.125,0.125,0.125,0.125,0.125
66,66.0,0.125,0.125,0.125,0.125,0.125,0.125,0.125,0.125
67,67.0,0.125,0.125,0.125,0.125,0.125,0.125,0.125,0.125
68,68.0,0.125,0.125,0.125,0.125,0.125,0.125,0.125,0.125
69,69.0,0.125,0.125,0.125,0.125,0.125,0.125,0.125,0.125
70,70.0,0.125,0.125,0.125,0.125,0.125,0.125,0.125,0.125
71,71.0,0.125,0.125,0.125,0.125,0.125,0.125,0.125,0.125
72,72.0,0.125,0.125,0.125,0.125,0.125,0.125,0.125,0.125
73,73.0,0.125,0.125,0.125,0.125,0.125,0.125,0.125,0.125
74,74.0,0.125,0.125,0.125,0.125,0.125,0.125,0.125,0.125
75,75.0,0.125,0.125,0.125,0.125,0.125,0.125,0.125,0.125
76,76.0,0.125,0.125,0.125,0.125,0.125,0.125,0.125,0.125
77,77.0,0.125,0.125,0.125,0.125,0.125,0.125,0.125,0.125
78,78.0,0.125,0.125,0.125,0.125,0.125,0.125,0.125,0.125
79,79.0,0.125,0.125,0.125,0.125,0.125,0.125,0.125,0.125
80,80.0,0.125,0.125,0.125,0.125,0.125,0.125,0.125,0.125
81,81.0,0.125,0.125,0.125,0.125,0.125,0.125,0.125,0.125
82,82.0,0.125,0.125,0.125,0.125,0.125,0.125,0.125,0.125
83,83.0,0.125,0.125,0.125,0.125,0.125,0.125,0.125,0.125
84,84.0,0.125,0.125,0.125,0.125,0.125,0.125,0.125,0.125
85,85.0,0.125,0.125,0.125,0.125,0.125,0.125,0.125,0.125
86,86.0,0.125,0.125,0.125,0.125,0.125,0.125,0.125,0.125
87,87.0,0.125,0.125,0.125,0.125,0.125,0.125,0.125,0.125
88,88.0,0.125,0.125,0.125,0.125,0.125,0.125,0.125,0.125
89,89.0,0.125,0.125,0.125,0.125,0.125,0.125,0.125,0.125
90,90.0,0.125,0.125,0.125,0.125,0.125,0.125,0.125,0.125
91,91.0,0.125,0.125,0.125,0.125,0.125,0.125,0.125,0.125
92,92.0,0.125,0.125,0.125,0.125,0.125,0.125,0.125,0.125
93,93.0,0.125,0.125,0.125,0.125,0.125,0.125,0.125,0.125
94,94.0,0.125,0.125,0.125,0.125,0.125,0.125,0.125,0.125
95,95.0,0.125,0.125,0.125,0.125,0.125,0.125,0.125,0.125
96,96.0,0.125,0.125,0.125,0.125,0.125,0.125,0.125,0.125
97,97.0,0.125,0.125,0.125,0.125,0.125,0.125,0.125,0.125
98,98.0,0.125,0.125,0.125,0.125,0.125,0.125,0.125,0.125
99,99.0,0.125,0.125,0.125,0.125,0.125,0.125,0.125,0.125
100,100.0,0.125,0.125,0.125,0.125,0.125,0.125,0.125,0.125
101,101.0,0.125,0.125,0.125,0.125,0.125,0.125,0.125,0.125
102,102.0,0.125,0.125,0.125,0.125,0.125,0.125,0.125,0.125
103,103.0,0.125,0.125,0.125,0.125,0.125,0.125,0.125,0.125
104,104.0,0.125,0.125,0.125,0.125,0.125,0.125,0.125,0.125
105,105.0,0.125,0.125,0.125,0.125,0.125,0.125,0.125,0.125
106,106.0,0.125,0.125,0.125,0.125,0.125,0.125,0.125,0.125
107,107.0,0.125,0.125,0.125,0.125,0.125,0.125,0.125,0.125
108,108.0,0.125,0.125,0.125,0.125,0.125,0.125,0.125,0.125
109,109.0,0.125,0.125,0.125,0.125,0.125,0.125,0.125,0.125
110,110.0,0.125,0.125,0.125,0.125,0.125,0.125,0.125,0.125
111,111.0,0.125,0.125,0.125,0.125,0.125,0.125,0.125,0.125
112,112.0,0.125,0.125,0.125,0.125,0.125,0.125,0.125,0.125
113,113.0,0.125,0.125,0.125,0.125,0.125,0.125,0.125,0.125
114,114.0,0.125,0.125,0.125,0.125,0.125,0.125,0.125,0.125
115,115.0,0.125,0.125,0.125,0.125,0.125,0.125,0.125,0.125
116,116.0,0.125,0.125,0.125,0.125,0.125,0.125,0.125,0.125
117,117.0,0.125,0.125,0.125,0.125,0.125,0.125,0.125,0.125
118,118.0,0.125,0.125,0.125,0.125,0.125,0.125,0.125,0.125
119,119.0,0.125,0.125,0.125,0.125,0.125,0.125,0.125,0.125
120,120.0,0.125,0.125,0.125,0.125,0.125,0.125,0.125,0.125
121,121.0,0.125,0.125,0.125,0.125,0.125,0.125,0.125,0.125
122,122.0,0.125,0.125,0.125,0.125,0.125,0.125,0.125,0.125
123,123.0,0.125,0.125,0.125,0.125,0.125,0.125,0.125,0.125
124,124.0,0.125,0.125,0.125,0.125,0.125,0.125,0.125,0.125
125,125.0,0.125,0.125,0.125,0.125,0.125,0.125,0.125,0.125
126,126.0,0.125,0.125,0.125,0.125,0.125,0.125,0.125,0.125
127,127.0,0.125,0.125,0.125,0.125,0.125,0.125,0.125,0.125
128,128.0,0.125,0.125,0.125,0.125,0.125,0.125,0.125,0.125
129,129.0,0.125,0.125,0.125,0.125,0.125,0.125,0.125,0.125
130,130.0,0.125,0.125,0.125,0.125,0.125,0.125,0.125,0.125
131,131.0,0.125,0.125,0.125,0.125,0.125,0.125,0.125,0.125
132,132.0,0.125,0.125,0.125,0.125,0.125,0.125,0.125,0.125
133,133.0,0.125,0.125,0.125,0.125,0.125,0.125,0.125,0.125
134,134.0,0.125,0.125,0.125,0.125,0.125,0.125,0.125,0.125
135,135.0,0.125,0.125,0.125,0.125,0.125,0.125,0.125,0.125
136,136.0,0.125,0.125,0.125,0.125,0.125,0.125,0.125,0.125
137,137.0,0.125,0.125,0.125,0.125,0.125,0.125,0.125,0.125
138,138.0,0.125,0.125,0.125,0.125,0.125,0.125,0.125,0.125
139,139.0,0.125,0.125,0.125,0.125,0.125,0.125,0.125,0.125
140,140.0,0.125,0.125,0.125,0.125,0.125,0.125,0.125,0.125
141,141.0,0.125,0.125,0.125,0.125,0.125,0.125,0.125,0.125
142,142.0,0.125,0.125,0.125,0.125,0.125,0.125,0.125,0.125
143,143.0,0.125,0.125,0.125,0.125,0.125,0.125,0.125,0.125
144,144.0,0.125,0.125,0.125,0.125,0.125,0.125,0.125,0.125
145,145.0,0.125,0.125,0.125,0.125,0.125,0.125,0.125,0.125
146,146.0,0.125,0.125,0.125,0.125,0.125,0.125,0.125,0.125
147,147.0,0.125,0.125,0.125,0.125,0.125,0.125,0.125,0.125
148,148.0,0.125,0.125,0.125,0.125,0.125,0.125,0.125,0.125
149,149.0,0.125,0.125,0.125,0.125,0.125,0.125,0.125,0.125
150,150.0,0.125,0.125,0.125,0.125,0.125,0.125,0.125,0.125
151,151.0,0.125,0.125,0.125,0.125,0.125,0.125,0.125,0.125
152,152.0,0.125,0.125,0.125,0.125,0.125,0.125,0.125,0.125
153,153.0,0.125,0.125,0.125,0.125,0.125,0.125,0.125,0.125
154,154.0,0.125,0.125,0.125,0.125,0.125,0.125,0.125,0.125
155,155.0,0.125,0.125,0.125,0.125,0.125,0.125,0.125,0.125
156,156.0,0.125,0.125,0.125,0.125,0.125,0.125,0.125,0.125
157,157.0,0.125,0.125,0.125,0.125,0.125,0.125,0.125,0.125
158,158.0,0.125,0.125,0.125,0.125,0.125,0.125,0.125,0.125
159,159.0,0.125,0.125,0.125,0.125,0.125,0.125,0.125,0.125
160,160.0,0.125,0.125,0.125,0.125,0.125,0.125,0.125,0.125
161,161.0,0.125,0.125,0.125,0.125,0.125,0.125,0.125,0.125
162,162.0,0.125,0.125,0.125,0.125,0.125,0.125,0.125,0.125
163,163.0,0.125,0.125,0.125,0.125,0.125,0.125,0.125,0.125
164,164.0,0.125,0.125,0.125,0.125,0.125,0.125,0.125,0.125
165,165.0,0.125,0.125,0.125,0.125,0.125,0.125,0.125,0.125
166,166.0,0.125,0.125,0.125,0.125,0.125,0.125,0.125,0.125
167,167.0,0.125,0.125,0.125,0.125,0.125,0.125,0.125,0.125
168,168.0,0.125,0.125,0.125,0.125,0.125,0.125,0.125,0.125
169,169.0,0.125,0.125,0.125,0.125,0.125,0.125,0.125,0.125
170,170.0,0.125,0.125,0.125,0.125,0.125,0.125,0.125,0.125
171,171.0,0.125,0.125,0.125,0.125,0.125,0.125,0.125,0.125
172,172.0,0.125,0.125,0.125,0.125,0.125,0.125,0.125,0.125
173,173.0,0.125,0.125,0.125,0.125,0.125,0.125,0.125,0.125
174,174.0,0.125,0.125,0.125,0.125,0.125,0.125,0.125,0.125
175,175.0,0.125,0.125,0.125,0.125,0.125,0.125,0.125,0.125
176,176.0,0.125,0.125,0.125,0.125,0.125,0.125,0.125,0.125
177,177.0,0.125,0.125,0.125,0.125,0.125,0.125,0.125,0.125
178,178.0,0.125,0.125,0.125,0.125,0.125,0.125,0.125,0.125
179,179.0,0.125,0.125,0.125,0.125,0.125,0.125,0.125,0.125
180,180.0,0.125,0.125,0.125,0.125,0.125,0.125,0.125,0.125
181,181.0,0.125,0.125,0.125,0.125,0.125,0.125,0.125,0.125
182,182.0,0.125,0.125,0.125,0.125,0.125,0.125,0.125,0.125
183,183.0,0.125,0.125,0.125,0.125,0.125,0.125,0.125,0.125
184,184.0,0.125,0.125,0.125,0.125,0.125,0.125,0.125,0.125
185,185.0,0.125,0.125,0.125,0.125,0.125,0.125,0.125,0.125
186,186.0,0.125,0.125,0.125,0.125,0.125,0.125,0.125,0.125
187,187.0,0.125,0.125,0.125,0.125,0.125,0.125,0.125,0.125
188,188.0,0.125,0.125,0.125,0.125,0.125,0.125,0.125,0.125
189,189.0,0.125,0.125,0.125,0.125,0.125,0.125,0.125,0.125
190,190.0,0.125,0.125,0.125,0.125,0.125,0.125,0.125,0.125
191,191.0,0.125,0.125,0.125,0.125,0.125,0.125,0.125,0.125
192,192.0,0.125,0.125,0.125,0.125,0.125,0.125,0.125,0.125
193,193.0,0.125,0.125,0.125,0.125,0.125,0.125,0.125,0.125
194,194.0,0.125,0.125,0.125,0.125,0.125,0.125,0.125,0.125
195,195.0,0.125,0.125,0.125,0.125,0.125,0.125,0.125,0.125
196,196.0,0.125,0.125,0.125,0.125,0.125,0.125,0.125,0.125
197,197.0,0.125,0.125,0.125,0.125,0.125,0.125,0.125,0.125
198,198.0,0.125,0.125,0.125,0.125,0.125,0.125,0.125,0.125
199,199.0,0.1248611111111111,0.1248611111111111,0.1248611111111111,0.1248611111111111,0.1248611111111111,0.1248611111111111,0.1248611111111111,0.1259722222222222
200,200.0,0.1247236111111111,0.1247236111111111,0.1247236111111111,0.1247236111111111,0.1247236111111111,0.1247236111111111,0.1247236111111111,0.1269347222222222
201,201.0,0.124477625,0.124477625,0.124477625,0.125477625,0.124477625,0.124477625,0.124477625,0.127656625
202,202.0,0.12423646125,0.12423646125,0.12423646125,0.12622646125,0.12423646125,0.12423646125,0.12423646125,0.12835477125
203,203.0,0.1240020492625,0.1240020492625,0.1240020492625,0.1269631492625,0.1240020492625,0.1240020492625,0.1240020492625,0.1290245551625
204,204.0,0.1234982802033472,0.1246093913144583,0.1234982802033472,0.1285148703144584,0.1244982802033472,0.1234982802033472,0.1234982802033472,0.1283843373543473
205,205.0,0.1228960163591873,0.1251071274702985,0.1228960163591873,0.1298123816691874,0.1248860163591873,0.1238960163591873,0.1228960163591873,0.1276104090645774
206,206.0,0.1221293116651445,0.1254194227762556,0.1221293116651445,0.1307044928192264,0.1259085934833264,0.1249374934833263,0.1221293116651445,0.1266420624424317
207,207.0,0.1211990449299151,0.1254273549299152,0.1221990449299151,0.1321208024715238,0.1265811905965818,0.125788326748097,0.1211990449299151,0.1254851904641368
208,208.0,0.120299056843152,0.125429462743152,0.122289056843152,0.1334810913156944,0.127236625183455,0.1266272540249702,0.120299056843152,0.1243383962032725
209,209.0,0.119435319420876,0.125426307571876,0.122396419420876,0.1347773585441092,0.1278700591507155,0.1274470766399669,0.119435319420876,0.1232121398307043
210,210.0,0.1186128449708613,0.1254184472662513,0.1225183239708614,0.1360030436460595,0.1284773582206518,0.128241506833125,0.1186128449708613,0.1221156301213283
211,211.0,0.1178357319403819,0.125406430942769,0.122652097250382,0.1371529479831724,0.129055062892297,0.1290051395446965,0.1178357319403819,0.121056857505919
212,212.0,0.117107215317789,0.1253907943664497,0.1227952146536891,0.1373898172552272,0.1304336888920972,0.1297334181957246,0.117107215317789,0.120042636001234
213,213.0,0.1163656180644174,0.1253079533642377,0.1228812080302685,0.1381936119170347,0.1315129475708286,0.1303584928416507,0.1163656180644174,0.1190145501471449
214,214.0,0.115677356523571,0.1252231490964366,0.1229726221567194,0.1389226784060785,0.1325427523045799,0.130942125444218,0.115677356523571,0.1180419595448255
215,215.0,0.1150439797394056,0.1251374259322835,0.1230680008167903,0.1395771988747446,0.1335177504405117,0.1314826238817367,0.1150439797394056,0.1171290405751219
216,216.0,0.1151256736634356,0.1249967879381099,0.1231110487155732,0.1399932475555488,0.1342138924372664,0.1319239515313915,0.1144113879491499,0.1162240102095246
217,217.0,0.1152567076921944,0.1248575835263103,0.1231560189996598,0.1403388627888211,0.1348499046865964,0.1323210627449228,0.1138352791207659,0.1153845804407294
218,218.0,0.1154308374749217,0.1247210613827652,0.1232022697276788,0.1406176317669818,0.1354254400407507,0.1326744080538075,0.1133157660463502,0.1146125855067441
219,219.0,0.1156420121383932,0.1245883185020846,0.1232492103479567,0.1415477371400462,0.1352265051214198,0.1329848305954215,0.1128523842812503,0.1139090018734275
220,220.0,0.1158844154478999,0.1244603043867889,0.123296302465065,0.1424118870719362,0.1349753934480025,0.1332535184210758,0.1124441545121856,0.113274024247046
221,221.0,0.1161525005057432,0.1243378263014925,0.1233430600081494,0.1432080356074503,0.1346798338126418,0.1334819581241097,0.1120896438372431,0.1127071418031699
222,222.0,0.1164410182865109,0.1242215554240485,0.1233890488591816,0.1439350214008709,0.1343472266078856,0.133671890119755,0.1117870254537601,0.1122072138479873
223,223.0,0.1166498022448649,0.1247310813614937,0.1233862669512373,0.1444020146779971,0.1338417455198637,0.133777646811175,0.1114865172688065,0.1117249251645617
224,224.0,0.1168704522091773,0.1252415863158219,0.1233824763221509,0.1448017733291155,0.1333143041763546,0.1338494453047352,0.1112337704872358,0.1113061918554089
225,225.0,0.1176412417458757,0.1256645340024681,0.1233361490836607,0.1440612656545582,0.1326473730163418,0.1347573876777102,0.110984869769859,0.1109071790495263
226,226.0,0.1183361914265971,0.1260036930955765,0.1232137445933344,0.1431943476060626,0.1318983127573185,0.13615840133055,0.1107036619416728,0.1104916472488882
227,227.0,0.1188211261053222,0.1267542412287602,0.1228892849864493,0.1414625197666978,0.1320591283880773,0.137821725331296,0.1102613801572304,0.1099305940361669
228,228.0,0.1191288340770996,0.128321670158316,0.1224028565123662,0.1395487275355805,0.1326570349081431,0.1389848678105226,0.1096951907716379,0.1092608182263341
229,229.0,0.1194234114823569,0.1298580680647616,0.1219249708919963,0.1376397558236477,0.1332489375699781,0.1400829187922927,0.1091725969883169,0.1086493403866499
230,230.0,0.1197435481843386,0.1313914966519888,0.1213923483950968,0.1357945348767454,0.1338698403134321,0.1409366757337386,0.1086272608837981,0.1082442949608617
231,231.0,0.1199425606368984,0.1326750832256839,0.1207727807813809,0.133990598557109,0.1351878896716364,0.1416169404131151,0.1080239018983378,0.1077902448158384
232,232.0,0.120111305624695,0.1338835287875235,0.1202672461889356,0.1322257277477706,0.1364645613374125,0.14221517451034,0.1074551807022583,0.1073772751010645
233,233.0,0.1201243276203874,0.1348854681591355,0.119646857156768,0.1303878776206002,0.137564431539406,0.1426047882412254,0.1079066291770082,0.1068796204854692
234,234.0,0.1201220687032292,0.1367256234749174,0.1190543030191718,0.1286277246086528,0.1369958050985987,0.1436420332193821,0.1083967158707572,0.1064357260052907
235,235.0,0.1200929216589401,0.1384704318743757,0.1184795679333292,0.1269408461445606,0.1364832656766476,0.1445979518151635,0.108904614691159,0.1060304002058242
236,236.0,0.1199759513001818,0.1398965493431386,0.1186960352077621,0.1252738549297899,0.1357929069196344,0.1454052283261444,0.1093585631247447,0.105600910848604
237,237.0,0.1198016724325514,0.1411785102065145,0.1188929827042614,0.123661994922119,0.1350381589373802,0.1464721693472103,0.1097799794964228,0.1051745319535403
238,238.0,0.1195146466077004,0.1421267933002911,0.1197126090428715,0.1220529595130026,0.1341059934802169,0.147689703119706,0.1101049907607552,0.1046923041754562
239,239.0,0.1191130999761806,0.1428647493824563,0.1204339158879612,0.1214466377932575,0.1330652474544806,0.1487146762273448,0.1102129574013032,0.1041487158770157
240,240.0,0.1186757353790917,0.1434692668874674,0.1211227574145492,0.1209120569052618,0.1320004216714036,0.1499134479467125,0.1102877395081574,0.1036185742873564
241,241.0,0.1181200076647844,0.1438571439038124,0.1216849911450426,0.1202659788896342,0.1308340717703737,0.1520719730405002,0.1101504980285325,0.1030153355573199
242,242.0,0.1174695430268083,0.1440523983148793,0.1221338881264308,0.1203716407833728,0.129594246266881,0.1541836081420811,0.1098361009466179,0.1023585743929287
243,243.0,0.1168085016220918,0.1441405216552669,0.1225444748819921,0.1205391756129673,0.1283688727943887,0.1563682895360237,0.1095017714298254,0.1017283924674442
244,244.0,0.1161444262280729,0.1441312204853562,0.1229163512534703,0.1207605954232529,0.1271686345712383,0.1585977429721349,0.1091527207035274,0.1011283083629472
245,245.0,0.1154840445474057,0.1440341138176595,0.1232494530653426,0.1210280810678411,0.1260028040045107,0.1608467118633518,0.108793694945721,0.1005610966881675
246,246.0,0.114853071545042,0.1438784337881131,0.1235638072749314,0.1213538316263364,0.1248990791537115,0.1629543913388881,0.1084487624366157,0.1000486228363617
247,247.0,0.1142351132373254,0.1436518316873474,0.1238383822545193,0.1217090002559133,0.123842523849906,0.1650521734665052,0.1081002003305826,0.0995707749179008
248,248.0,0.1136347183571043,0.143363336362728,0.1240740807965463,0.1220867640824037,0.1228386573106687,0.1671223758250678,0.1077515278276106,0.0991285394378705
249,249.0,0.1130557721915906,0.1430216597710458,0.1242720712405078,0.1224807236290108,0.1218918870060946,0.1691495905997799,0.1074058803735828,0.0987224151883877
250,250.0,0.1114598680489175,0.1435934855228727,0.1246420932097193,0.1235099351128722,0.1212972530670452,0.1704955367089717,0.1064410273227604,0.0985608010068411
251,251.0,0.1099017619078288,0.1441188462659405,0.1249753444715649,0.1245376823650249,0.1207625893359596,0.1717801735808953,0.1054906389049322,0.0984329631678536
252,252.0,0.1100727422090641,0.1446099554065151,0.1252849900969832,0.124566654848939,0.1196333992755062,0.1729070421808148,0.1045755930537977,0.0983496229283798
253,253.0,0.1102849629921512,0.1450520995002125,0.1255570666801352,0.1245832128033715,0.1185671999059987,0.1739732432425239,0.1036882784579712,0.0982939364176355
254,254.0,0.1105317674920429,0.1454453431017523,0.125792199850385,0.1245880215926951,0.1175679436430065,0.174977055072445,0.1028343846288491,0.0982632846188241
255,255.0,0.110818313035902,0.1458017275681772,0.1260028163611625,0.1245932917893698,0.1166500124823503,0.1758370922685611,0.1020301921718944,0.0982665543225826
256,256.0,0.1105072181919721,0.1470146426202227,0.126558719841386,0.1240160017263917,0.1158981970677675,0.1763538774066922,0.1013148976692055,0.0983364454763621
257,257.0,0.1101704738964094,0.1479335172358396,0.1270181858200746,0.1233388200888176,0.1157887104039252,0.1767796993630523,0.1005958802193207,0.0983747129725605
258,258.0,0.1088015213994383,0.1486276140361586,0.1272634789140041,0.1226088738554455,0.1163481211466911,0.1781105341306185,0.099868211153564,0.0983716453640797
259,259.0,0.1073770387650099,0.1495759005572097,0.1272765970868897,0.1217568400003627,0.1173167351448391,0.1793059138463556,0.0990998000430205,0.0982911745563126
260,260.0,0.1059640370366771,0.1503014024508867,0.1271387435322239,0.1208881608277542,0.1188310400886936,0.1803379388762979,0.0983496184067375,0.0981890587807289
261,261.0,0.1045762334352316,0.1508220843374606,0.1268685998406615,0.1200139229552164,0.120224265010716,0.181213359732843,0.0976240804077695,0.0986574542801012
262,262.0,0.1032164820247596,0.1519956159323472,0.1264654966410609,0.1191349204722281,0.1214873069948259,0.1817166747222103,0.0969194729031351,0.0990640303094328
263,263.0,0.101924604894004,0.1530891327929222,0.126034232268399,0.1182894496583999,0.1227378190028267,0.1818999237716747,0.0965554929978973,0.099469344613876
264,264.0,0.1007063599035745,0.154098954258558,0.1255811885182558,0.1174822385722277,0.1239641754295231,0.1820617216943488,0.096236264883363,0.0998690967401489
265,265.0,0.0995737091464854,0.155037637368378,0.1251273594801666,0.1167246762089504,0.1251636711259212,0.1821311670522565,0.095974791375893,0.1002669882419486
266,266.0,0.0985219121994663,0.1558878941118505,0.1249326172285622,0.1160118658124038,0.1263194897005795,0.1819216054531001,0.0957528967348405,0.1006517187591968
267,267.0,0.0975162813263212,0.1570537650853282,0.1246851689450977,0.115272575259339,0.1272770262376192,0.1816801803092386,0.0955313660765386,0.1009836367605173
268,268.0,0.0965623182247797,0.1579312881357748,0.1243921287114863,0.1145173159640559,0.128603376617569,0.1814167122271247,0.0953120938053342,0.1012647663138751
269,269.0,0.0956934701314865,0.1587163186493917,0.1240893857440356,0.1138137235412247,0.1298657056292456,0.1811691631471903,0.0951257838061029,0.1015264493513225
270,270.0,0.0949095856963432,0.1594095989143128,0.1237799527551851,0.1131633388976221,0.1310574637891531,0.1809420282922869,0.094970346291227,0.1017676853638697
271,271.0,0.0942096880018352,0.1600127323606564,0.1234666348888099,0.1125670257057101,0.1321734712048183,0.1807390509450226,0.0948436095953173,0.10198778729783
272,272.0,0.0935920667331199,0.1605280811003685,0.1231520219581538,0.1114694737789592,0.1332098322587846,0.1805632619230714,0.0952989053235439,0.1021863569239985
273,273.0,0.0930251286706656,0.161309543262582,0.1228092437621962,0.110402240720481,0.134017647122715,0.1801605100499031,0.0957143936969312,0.1025612927145257
274,274.0,0.092509181240456,0.1623221056153954,0.122443663707383,0.1093726733400185,0.1346113986329594,0.1797703450631274,0.0960893132992003,0.1028813191014599
275,275.0,0.0920676836007662,0.1632477510632469,0.1220840456006874,0.1084106994907721,0.1351246911990864,0.1794225196944462,0.096470769305835,0.1031718400451596
276,276.0,0.0916973282281271,0.1640853598005261,0.1217325568659225,0.1075189020372986,0.1355601602690326,0.1791196084855057,0.0968537384747043,0.1034323458388829
277,277.0,0.0913944346376573,0.1648348197871123,0.1213910900175351,0.106698911502653,0.1359209636898138,0.178863386875252,0.097233700174091,0.1036626933158853
278,278.0,0.0911312137242571,0.1653064504297765,0.1210374609946275,0.1059276752375111,0.1360916500341132,0.1791072771400376,0.097559011808374,0.103839260631303
279,279.0,0.0909275038987411,0.1656942367238311,0.1206970855701868,0.1052292036469618,0.1361964119012378,0.1793947475570576,0.0978742322064964,0.1039865784954872
280,280.0,0.0907574980296915,0.1658290288695571,0.1203496528192466,0.105035857313112,0.1361323209127692,0.1796782525545047,0.0981334320463237,0.104083957454795
281,281.0,0.0906190021264826,0.1657320370947754,0.1199983364936966,0.1048696797650202,0.1363500329137005,0.179957684899225,0.0983385740779482,0.1041346526291514
282,282.0,0.0909263526555986,0.1654243050994387,0.1196460043878901,0.1047287223561969,0.13640788850954,0.1802328161539113,0.098491884336613,0.1041420265008112
283,283.0,0.0912396340252331,0.16492662875928,0.1192952337087435,0.1046109195513467,0.1367188924140195,0.1805033419706464,0.098595831343795,0.1041095182269356
284,284.0,0.0915541287575897,0.1646440730351637,0.1189483243571607,0.1045141423380724,0.136876705100259,0.1807689165956363,0.0986530980252436,0.1040406117908744
285,285.0,0.0918940464265484,0.1643221339069091,0.118621556097098,0.1044647317868253,0.1369917741899267,0.1810576691120954,0.098695039153977,0.10395304932662
286,286.0,0.0922247447791113,0.1638393424696913,0.1183013052252845,0.1044297445542668,0.1369672974979098,0.1813384332271196,0.0990642267075434,0.1038349055390731
287,287.0,0.0925428195080627,0.1632125383560845,0.1181615135407633,0.1044070689255241,0.1371715629690753,0.1814384353999719,0.0993764588115179,0.1036896024890001
288,288.0,0.0930512699630992,0.1623194075154326,0.1189986502394763,0.1042557906449211,0.1372734390187144,0.1812260443878074,0.099493788384576,0.1033816098459729
289,289.0,0.0934170080395833,0.1615386519340974,0.1206082391134782,0.1040031558134309,0.137137188595639,0.1809055911537034,0.0994468001101834,0.1029433652398841
290,290.0,0.0936905831188991,0.1606686562642159,0.1228428880502268,0.1036914171311648,0.1368794566460203,0.1805235251622394,0.0992921413125671,0.1024113323146665
291,291.0,0.0938520932042594,0.1596252080211707,0.125563827274462,0.103313972512484,0.1367572182133433,0.1800769748003585,0.0990155579990592,0.1017951479748627
292,292.0,0.0939138188002995,0.1587482729995904,0.1286655384785655,0.1028842593291167,0.1364582356109291,0.1795826533991187,0.0986345170899108,0.1011127042924692
293,293.0,0.0939698551383541,0.1578967853191588,0.1318396997342495,0.1024874630270831,0.1361421665927446,0.178972332903157,0.0982478327808758,0.1004438645043769
294,294.0,0.0939650940225994,0.1570214266610268,0.1345739384347883,0.1020691431230285,0.1357585920290103,0.1783542040642678,0.0985189335077805,0.0997386681574982
295,295.0,0.0939073267706128,0.1561348341297923,0.1377132375738989,0.1016372991372344,0.135319594640165,0.1775880584673373,0.098690349989532,0.0990092992914269
296,296.0,0.0938057200468259,0.1552523833184642,0.1410503001809352,0.1012008902960211,0.1348404929629946,0.1768024448252244,0.0987769132424051,0.0982708551271293
297,297.0,0.0936664091597741,0.1549714551514003,0.1437863464844603,0.1007654724674603,0.1343308237372207,0.1761594165245014,0.098787713544994,0.0975323629301886
298,298.0,0.0934949661313865,0.154673023639309,0.1466493048175655,0.1003357092253043,0.1337991489066937,0.1755151901744048,0.0987310361827653,0.0968016209225706
299,299.0,0.0932964906047046,0.1543621674290619,0.1495963064063457,0.0999155047419584,0.133253157778818,0.174876499841997,0.0986145396930711,0.0960853335040431
300,300.0,0.0930734091646527,0.1540387147122333,0.152578169808486,0.099505843766203,0.1326952190542636,0.1742831001314112,0.0984408481132112,0.0953846952495388
301,301.0,0.0922174038270011,0.1538218666931668,0.1555829750641129,0.0991318398122307,0.1322267779294216,0.1737259027822902,0.0985740603783888,0.0947191735133876
302,302.0,0.0913535380040247,0.1540574455492926,0.1581167099520786,0.0987753056058962,0.1317616993795463,0.173188497920472,0.0986641807584349,0.0940826228302543
303,303.0,0.0904887591683025,0.1542640445812233,0.1606215643134646,0.0984355822803159,0.1312996257906428,0.1727069216366833,0.0987096627696958,0.0934738394596714
304,304.0,0.0896906849577204,0.1537400310236845,0.1632761448018035,0.0981631838837628,0.1311762157887668,0.1721867711270605,0.0987426667906783,0.0930243016265229
305,305.0,0.0888972139818981,0.1530797268685233,0.1655967550404202,0.0981933234240333,0.1309720911038753,0.1715653803230243,0.0986989930076073,0.092996516250618
306,306.0,0.088114897364637,0.1522972337897199,0.16784109969944,0.0982124925921643,0.1309871419693125,0.1709908856846378,0.0985841195563598,0.0929721293437285
307,307.0,0.0873598762314203,0.1525066478144747,0.1696472655657706,0.0982470729096037,0.1303868206875816,0.1704492017538202,0.0984412247093479,0.0929618903279808
308,308.0,0.0864892719945354,0.1524566730193791,0.1723558655719333,0.0981306714849166,0.1298635524691897,0.1697863616871379,0.098101223219537,0.0928163805533708
309,309.0,0.0856598802858961,0.1523418852892711,0.1748313396782996,0.0980153348202882,0.1292829552595481,0.1694350450730738,0.0977345413590091,0.0926990182346138
310,310.0,0.0848631938484638,0.1521162769068333,0.1768748367484455,0.0978887005843289,0.128640241504931,0.1693673309236042,0.0973214248401106,0.0929279946432825
311,311.0,0.0841102552672175,0.1518726250660794,0.1785093081275491,0.0977730246377705,0.1280219638126753,0.1693321526517603,0.0968968543028321,0.0934838161341155
312,312.0,0.0834078937475748,0.1516217041205239,0.1797772806964064,0.0979946231615232,0.1274437008903096,0.1694017262093849,0.0963286425285996,0.0940244286456772
313,313.0,0.0826408162490509,0.1512425369505593,0.180752083099609,0.0980998905479914,0.1267784857153414,0.1704185195793077,0.0956459341469039,0.0944217337112359
314,314.0,0.0818337222913228,0.1507629690021935,0.1814886030169639,0.0981095672675177,0.126055949519659,0.1712656138838607,0.0957862568418784,0.0946973181766036
315,315.0,0.0810890253689792,0.1503137451236593,0.1820390989524276,0.0981319792559649,0.1253793906763815,0.1721236671774442,0.095946586097088,0.0949765073480549
316,316.0,0.0804059206752704,0.1498922990018896,0.1827076262132574,0.0981636167941217,0.1247449408213973,0.1730151961871733,0.0961213058915225,0.0949490944153673
317,317.0,0.0797779782434897,0.1494680384289222,0.1833386114963287,0.0981872265048838,0.1241512534940289,0.1738900515523062,0.0962912155265634,0.0948956247534767
318,318.0,0.0791965107437248,0.1492178565969939,0.1839159972754342,0.0981793178238087,0.1235157026683496,0.1747436195150855,0.0964239272961917,0.094807068080411
319,319.0,0.0786618233505601,0.1488773217233894,0.1844433997561704,0.0982781794876297,0.1228442191434931,0.1754330197368566,0.0965195588782749,0.0949424779236254
320,320.0,0.0780998376479959,0.1486306969764179,0.1856174031211765,0.0982730714805172,0.1220724145837251,0.1759104360709163,0.096428980324604,0.0949671597946466
321,321.0,0.0775222986290938,0.1482383485162001,0.1866972998264683,0.0989460556447734,0.1214620535801914,0.1760617960098816,0.0961778523840708,0.0948942954093202
322,322.0,0.0769917122607367,0.147766904627784,0.1877047492496502,0.0995826240156876,0.1208260549433322,0.176188560788164,0.0958963041390193,0.0950430899756256
323,323.0,0.076514315646133,0.1474812187778655,0.1885615869166515,0.1001909948803194,0.1201752806280816,0.1762991962170762,0.0956009606282526,0.0951764463056199
324,324.0,0.0760961687863792,0.1472292803806165,0.1892956237551804,0.1007860976900067,0.1195823814747478,0.1763849532428942,0.0953177099898889,0.095307784680286
325,325.0,0.0756805831196429,0.1469552890197972,0.1897469643148636,0.1012534181122572,0.1189925539037275,0.1770518577400649,0.0949382853331815,0.095381048456465
326,326.0,0.0753347689466002,0.1470393507805339,0.1901500865287105,0.101727682308213,0.11847469959581,0.1777050298863852,0.0946027194331528,0.094965662520594
327,327.0,0.0750356208716048,0.147379276456994,0.1902860633157644,0.1021642804825293,0.118007213379757,0.1783197248074696,0.0942708092971204,0.0945370113887603
328,328.0,0.0747811172652554,0.1477007581555183,0.1904286901992749,0.1025619202549338,0.1175893868081958,0.1788932967762843,0.0939448154493519,0.0941000150911854
329,329.0,0.0745353042807149,0.1480062671304381,0.1910611744667861,0.1028524521958218,0.1172014212205355,0.1791521268323993,0.0935518255903378,0.0936394282829664
330,330.0,0.0742977818154848,0.1485992542672277,0.1912020720437557,0.1030452405271703,0.1166476003603403,0.1793077220977869,0.093118281821501,0.0937820470667332
331,331.0,0.0740601688250005,0.1493004211418913,0.1918250830647716,0.1031177568047834,0.1160439341508369,0.1791945441652877,0.0926118215865501,0.0938462702608782
332,332.0,0.0739971695450163,0.1491363036172268,0.1913574884736535,0.1032814083851179,0.1158626288027927,0.1791689450119117,0.0922428920959803,0.0949531640683005
333,333.0,0.0738789486522967,0.1490361398861978,0.1904556527225701,0.104003232664702,0.1155283205544107,0.1789583299422787,0.0923252437251688,0.095814131852375
334,334.0,0.0737450369750478,0.1488041803778003,0.1895662396473593,0.104593539354518,0.1150999474149149,0.1793035716024138,0.0923748436725079,0.0965126409554378
335,335.0,0.0736391769048608,0.1485360395689664,0.1887310295074921,0.1051412455393762,0.1147143234293576,0.1796207126744473,0.0924349946853511,0.0971824776901483
336,336.0,0.0735593198581736,0.1475692361662564,0.1885133420433138,0.1056445301608083,0.1143707278986427,0.1805757564495779,0.0919478805443481,0.0978192068788791
337,337.0,0.0734741307030067,0.1467742314811234,0.1879606391874169,0.1060437357287495,0.1140388605324966,0.1814073492874843,0.0919403478955746,0.0983607051841479
338,338.0,0.073388677332399,0.1459429030354207,0.1873530938704156,0.1063526436741482,0.1137324864866998,0.1820438380647841,0.0923679112436056,0.0988184462925268
339,339.0,0.0732628251191663,0.1450730442612651,0.1871823627731749,0.1069713539911265,0.1133206283967648,0.1824451973288595,0.092672057448557,0.0990725306810858
340,340.0,0.0731240363352497,0.1441993706447897,0.1870793709443548,0.1074784556418776,0.1128415877017861,0.1825545608921738,0.0929485363425193,0.0997740814972489
341,341.0,0.0729754010222888,0.1433314089031233,0.1869106199402943,0.1078808554699808,0.1128636541149697,0.1825298316079372,0.0931977583643837,0.1003104705770221
342,342.0,0.0728195621849415,0.1424774394648256,0.1866847171858059,0.1081853436566679,0.1133340882806313,0.1823851820496194,0.0934201289797654,0.1006935381977429
343,343.0,0.0727699096751312,0.1417557139050538,0.1874969384707789,0.1070335871191342,0.1138144601929776,0.1823562729624338,0.09372722073427,0.1010458969402203
344,344.0,0.0726114511436446,0.1414141019852133,0.1880793350343228,0.1057126699517446,0.1141972423201089,0.1829316811211155,0.0938376852899475,0.1012158331539026
345,345.0,0.0723570535011799,0.1409533974878721,0.1884355599000186,0.1042444299264988,0.1149812045172809,0.1840517422819463,0.0937650101183305,0.1012116022668726
346,346.0,0.0720005065248439,0.1403695505412558,0.1887330292181044,0.102615524902543,0.116007183902245,0.1853886209415259,0.0939252965459207,0.100960287423561
347,347.0,0.0715754954304978,0.139715086647448,0.1889808318078674,0.1016632715705607,0.1172638705283299,0.1862898353106253,0.0939872010657323,0.1005244076389384
348,348.0,0.0711741160986711,0.1391113972121767,0.189629725309154,0.1008885848337741,0.1185044183707398,0.1869936104785874,0.0936281020450757,0.1000700456518209
349,349.0,0.0707615896339137,0.1385063455047578,0.1904685860040995,0.1005110255425175,0.1195432663959533,0.1875357170174734,0.0931822613156877,0.0994912085855967
350,350.0,0.0703564763273934,0.1378904825387514,0.1911961432901741,0.1005146082083943,0.1205280223475185,0.1879750249297895,0.0926708962901558,0.0988683460678227
351,351.0,0.069977878958772,0.1373011453990788,0.191980880239079,0.1005488097955329,0.1214744306513328,0.1883104233894633,0.0921627563730686,0.0982436751936722
352,352.0,0.0697695790793287,0.1367313036064094,0.1925793231383737,0.1005972327667965,0.122364109687294,0.1886857040452602,0.0916579474733059,0.0976148002032314
353,353.0,0.0695679016909009,0.136168662681075,0.1931683359121218,0.1006090796153377,0.1230545995248269,0.1893673983260834,0.0911445744894037,0.0969194477602501
354,354.0,0.0693795262541746,0.1356320680835094,0.1940917783504425,0.1006005986903311,0.123678369556085,0.1898086983084805,0.0905944830551056,0.0962144777018709
355,355.0,0.0692003367533449,0.1351192045515022,0.19530261550379,0.1005662927152679,0.1242290531990836,0.1900665857213342,0.0900130866408685,0.0955028249148083
356,356.0,0.0690179656312681,0.1346191762462241,0.1962790717157239,0.1008636102035141,0.1245804628895574,0.1901733237306922,0.0897377667508119,0.0947286228322079
357,357.0,0.0687788145819287,0.1351784503385641,0.197307513457511,0.1009687555353341,0.1248355069750329,0.1897205370972213,0.0893618581445041,0.0938485638699034
358,358.0,0.0685354561502628,0.1357263430257114,0.198223475994559,0.1013601357388468,0.1249084070247213,0.1893771283880949,0.0889441207723811,0.0929249329054223
359,359.0,0.0682861429357138,0.1365857860084524,0.1992660166456603,0.1016483807238517,0.1248089002789549,0.1889598150522574,0.0884833549167133,0.0919616034383958
360,360.0,0.0680449582123317,0.1375983653020339,0.2000991633891589,0.1018983733753144,0.1246492598490013,0.1883907812218598,0.0883008305528239,0.0910182680974757
361,361.0,0.0684890143139319,0.1389873026511086,0.2000055976070597,0.102554090401345,0.124333997201676,0.1869146489051827,0.0878513497211527,0.0908639991985429
362,362.0,0.0688526175640202,0.1400162553692223,0.1997671264147252,0.1031920040464002,0.1239847768488782,0.1851610195504956,0.0873519341855169,0.091674266020741
363,363.0,0.0692171833573613,0.1409951196836659,0.1994517969693718,0.1037716466858431,0.1235224498520535,0.1837148421416824,0.0868743234764954,0.0924526378335262
364,364.0,0.0695416955616636,0.1427033970276674,0.1991558184635489,0.1042391902089472,0.1229980897186436,0.1821107363781125,0.0860897213514254,0.0931613512899911
365,365.0,0.069720133935969,0.1443574366964537,0.1991898622569766,0.1045216084652403,0.1225795390511305,0.1804809989222951,0.0853095590512314,0.093840861620703
366,366.0,0.0698638102426355,0.1459189594115816,0.1990597035560276,0.1047256293912767,0.1222915241493472,0.1788602024238871,0.0847963744131646,0.0944837964120795
367,367.0,0.0699998230038092,0.1474037536964685,0.1990500424344661,0.104886467034304,0.121996388291306,0.1772694646189524,0.084281982622469,0.0951120782982244
368,368.0,0.0701239760744043,0.1487747124345156,0.1992209731860375,0.1051626908967894,0.1216941925591898,0.1757134154158162,0.0835963544264943,0.0957136850067526
369,369.0,0.0702198704273213,0.1500389284910421,0.1997085675575776,0.1053706110865502,0.1215446592198497,0.1739353554967772,0.0829105076204169,0.0962715001004647
370,370.0,0.070279621711118,0.1511845303992933,0.2002937701641931,0.1055039974636819,0.1215278082978362,0.1722112596553859,0.0822247763801831,0.0967742359283081
371,371.0,0.0703350007347642,0.1520952634153412,0.2009751998659841,0.1053822186650002,0.1215693666011152,0.1708121696596949,0.0815746969025573,0.0972560841555427
372,372.0,0.0706129989985188,0.1528346991621074,0.2018009935319212,0.1050880693829411,0.121566879943979,0.1694286056518431,0.0807968670873639,0.0978708862413253
373,373.0,0.0711205278009485,0.1537741398156362,0.2034565133771822,0.1049534654999507,0.1216410437386643,0.1662488057332595,0.0801689372349582,0.0986365667994004
374,374.0,0.0716174354396508,0.1546280047289819,0.205059920348232,0.1048091370473874,0.1217187933793197,0.1631987962442918,0.0795968013976741,0.0993711114144624
375,375.0,0.072104115570394,0.1552869895302925,0.2067030585924155,0.1045116714553511,0.1219620235594541,0.1602872778656454,0.0790659739602205,0.1000788894662269
