,Unnamed: 0,Total_iterations,Intertwine_two,Add_vertex,Delete_vertex,Invert_path_vertices,Insert_inside_vertex,Delete_inside_vertex,Replace_inside_vertex,Donate_between_routes
0,0.0,0.0,0.125,0.125,0.125,0.125,0.125,0.125,0.125,0.125
1,1.0,0.10900000000000001,0.125,0.125,0.125,0.125,0.125,0.125,0.125,0.125
2,2.0,0.31601,0.125,0.125,0.125,0.125,0.125,0.125,0.125,0.125
3,3.0,0.6191589000000001,0.125,0.125,0.125,0.125,0.125,0.125,0.125,0.125
4,4.0,1.015801321,0.125,0.125,0.125,0.125,0.125,0.125,0.125,0.125
5,5.0,1.50262148669,0.125,0.125,0.125,0.125,0.125,0.125,0.125,0.125
6,6.0,2.0757334209441005,0.125,0.125,0.125,0.125,0.125,0.125,0.125,0.125
7,7.0,2.7307768275633495,0.125,0.125,0.125,0.125,0.125,0.125,0.125,0.125
8,8.0,3.4630081252450404,0.125,0.125,0.125,0.125,0.125,0.125,0.125,0.125
9,9.0,4.2673862119061114,0.125,0.125,0.125,0.125,0.125,0.125,0.125,0.125
10,10.0,5.138652627782014,0.125,0.125,0.125,0.125,0.125,0.125,0.125,0.125
11,11.0,6.071405875792507,0.125,0.125,0.125,0.125,0.125,0.125,0.125,0.125
12,12.0,7.060169740244025,0.125,0.125,0.125,0.125,0.125,0.125,0.125,0.125
13,13.0,8.099455520847952,0.125,0.125,0.125,0.125,0.125,0.125,0.125,0.125
14,14.0,9.183818168183006,0.125,0.125,0.125,0.125,0.125,0.125,0.125,0.125
15,15.0,10.307906369102724,0.125,0.125,0.125,0.125,0.125,0.125,0.125,0.125
16,16.0,11.466506686239443,0.125,0.125,0.125,0.125,0.125,0.125,0.125,0.125
17,17.0,12.654581904800096,0.125,0.125,0.125,0.125,0.125,0.125,0.125,0.125
18,18.0,13.867303782456686,0.125,0.125,0.125,0.125,0.125,0.125,0.125,0.125
19,19.0,15.100080434523047,0.125,0.125,0.125,0.125,0.125,0.125,0.125,0.125
20,20.0,16.348578617037543,0.125,0.125,0.125,0.125,0.125,0.125,0.125,0.125
21,21.0,17.608741195130214,0.125,0.125,0.125,0.125,0.125,0.125,0.125,0.125
22,22.0,18.876800103462312,0.125,0.125,0.125,0.125,0.125,0.125,0.125,0.125
23,23.0,20.14928511992658,0.125,0.125,0.125,0.125,0.125,0.125,0.125,0.125
24,24.0,21.423028783545156,0.125,0.125,0.125,0.125,0.125,0.125,0.125,0.125
25,25.0,22.695167792966423,0.125,0.125,0.125,0.125,0.125,0.125,0.125,0.125
26,26.0,23.963141223515898,0.125,0.125,0.125,0.125,0.125,0.125,0.125,0.125
27,27.0,25.224685898775267,0.125,0.125,0.125,0.125,0.125,0.125,0.125,0.125
28,28.0,26.477829247520948,0.125,0.125,0.125,0.125,0.125,0.125,0.125,0.125
29,29.0,27.720879968916847,0.125,0.125,0.125,0.125,0.125,0.125,0.125,0.125
30,30.0,28.95241681848399,0.125,0.125,0.125,0.125,0.125,0.125,0.125,0.125
31,31.0,30.17127581490958,0.125,0.125,0.125,0.125,0.125,0.125,0.125,0.125
32,32.0,31.376536153543515,0.125,0.125,0.125,0.125,0.125,0.125,0.125,0.125
33,33.0,32.567505096778625,0.125,0.125,0.125,0.125,0.125,0.125,0.125,0.125
34,34.0,33.74370209472243,0.125,0.125,0.125,0.125,0.125,0.125,0.125,0.125
35,35.0,34.90484237192463,0.125,0.125,0.125,0.125,0.125,0.125,0.125,0.125
36,36.0,36.05082019768737,0.125,0.125,0.125,0.125,0.125,0.125,0.125,0.125
37,37.0,37.18169203889697,0.125,0.125,0.125,0.125,0.125,0.125,0.125,0.125
38,38.0,38.29765977559663,0.125,0.125,0.125,0.125,0.125,0.125,0.125,0.125
39,39.0,39.399054140870355,0.125,0.125,0.125,0.125,0.125,0.125,0.125,0.125
40,40.0,40.48631852820801,0.125,0.125,0.125,0.125,0.125,0.125,0.125,0.125
41,41.0,41.55999329152982,0.125,0.125,0.125,0.125,0.125,0.125,0.125,0.125
42,42.0,42.62070064560415,0.125,0.125,0.125,0.125,0.125,0.125,0.125,0.125
43,43.0,43.669130257815,0.125,0.125,0.125,0.125,0.125,0.125,0.125,0.125
44,44.0,44.70602560622662,0.125,0.125,0.125,0.125,0.125,0.125,0.125,0.125
45,45.0,45.73217116373481,0.125,0.125,0.125,0.125,0.125,0.125,0.125,0.125
46,46.0,46.748380453854836,0.125,0.125,0.125,0.125,0.125,0.125,0.125,0.125
47,47.0,47.755485010424316,0.125,0.125,0.125,0.125,0.125,0.125,0.125,0.125
48,48.0,48.7543242612326,0.125,0.125,0.125,0.125,0.125,0.125,0.125,0.125
49,49.0,49.745736344347726,0.125,0.125,0.125,0.125,0.125,0.125,0.125,0.125
50,50.0,50.730549855707864,0.125,0.125,0.125,0.125,0.125,0.125,0.125,0.125
51,51.0,51.70957651737491,0.125,0.125,0.125,0.125,0.125,0.125,0.125,0.125
52,52.0,52.68360474770151,0.125,0.125,0.125,0.125,0.125,0.125,0.125,0.125
53,53.0,53.65339410751842,0.125,0.125,0.125,0.125,0.125,0.125,0.125,0.125
54,54.0,54.61967059027847,0.125,0.125,0.125,0.125,0.125,0.125,0.125,0.125
55,55.0,55.58312271885972,0.125,0.125,0.125,0.125,0.125,0.125,0.125,0.125
56,56.0,56.544398407394254,0.125,0.125,0.125,0.125,0.125,0.125,0.125,0.125
57,57.0,57.504102543001395,0.125,0.125,0.125,0.125,0.125,0.125,0.125,0.125
58,58.0,58.462795239617805,0.125,0.125,0.125,0.125,0.125,0.125,0.125,0.125
59,59.0,59.42099071417639,0.125,0.125,0.125,0.125,0.125,0.125,0.125,0.125
60,60.0,60.379156734137354,0.125,0.125,0.125,0.125,0.125,0.125,0.125,0.125
61,61.0,61.337714584760846,0.125,0.125,0.125,0.125,0.125,0.125,0.125,0.125
62,62.0,62.29703950447439,0.125,0.125,0.125,0.125,0.125,0.125,0.125,0.125
63,63.0,63.257461537171835,0.125,0.125,0.125,0.125,0.125,0.125,0.125,0.125
64,64.0,64.21926675122782,0.125,0.125,0.125,0.125,0.125,0.125,0.125,0.125
65,65.0,65.18269877636592,0.125,0.125,0.125,0.125,0.125,0.125,0.125,0.125
66,66.0,66.14796061122655,0.125,0.125,0.125,0.125,0.125,0.125,0.125,0.125
67,67.0,67.11521665648885,0.125,0.125,0.125,0.125,0.125,0.125,0.125,0.125
68,68.0,68.08459493066005,0.125,0.125,0.125,0.125,0.125,0.125,0.125,0.125
69,69.0,69.05618942810752,0.125,0.125,0.125,0.125,0.125,0.125,0.125,0.125
70,70.0,70.03006258152917,0.125,0.125,0.125,0.125,0.125,0.125,0.125,0.125
71,71.0,71.00624779379335,0.125,0.125,0.125,0.125,0.125,0.125,0.125,0.125
72,72.0,71.98475200689319,0.125,0.125,0.125,0.125,0.125,0.125,0.125,0.125
73,73.0,72.96555827861411,0.125,0.125,0.125,0.125,0.125,0.125,0.125,0.125
74,74.0,73.94862834037681,0.125,0.125,0.125,0.125,0.125,0.125,0.125,0.125
75,75.0,74.93390511255946,0.125,0.125,0.125,0.125,0.125,0.125,0.125,0.125
76,76.0,75.92131515639825,0.125,0.125,0.125,0.125,0.125,0.125,0.125,0.125
77,77.0,76.91077104428919,0.125,0.125,0.125,0.125,0.125,0.125,0.125,0.125
78,78.0,77.90217363294813,0.125,0.125,0.125,0.125,0.125,0.125,0.125,0.125
79,79.0,78.89541422641172,0.125,0.125,0.125,0.125,0.125,0.125,0.125,0.125
80,80.0,79.89037661826481,0.125,0.125,0.125,0.125,0.125,0.125,0.125,0.125
81,81.0,80.88693900474995,0.125,0.125,0.125,0.125,0.125,0.125,0.125,0.125
82,82.0,81.88497576253909,0.125,0.125,0.125,0.125,0.125,0.125,0.125,0.125
83,83.0,82.88435908692391,0.125,0.125,0.125,0.125,0.125,0.125,0.125,0.125
84,84.0,83.88496048800103,0.125,0.125,0.125,0.125,0.125,0.125,0.125,0.125
85,85.0,84.88665214409042,0.125,0.125,0.125,0.125,0.125,0.125,0.125,0.125
86,86.0,85.88930811312994,0.125,0.125,0.125,0.125,0.125,0.125,0.125,0.125
87,87.0,86.89280540413424,0.125,0.125,0.125,0.125,0.125,0.125,0.125,0.125
88,88.0,87.89702491199675,0.125,0.125,0.125,0.125,0.125,0.125,0.125,0.125
89,89.0,88.90185221995306,0.125,0.125,0.125,0.125,0.125,0.125,0.125,0.125
90,90.0,89.91717827491419,0.125,0.125,0.125,0.125,0.125,0.125,0.125,0.125
91,91.0,90.93279994163008,0.125,0.125,0.125,0.125,0.125,0.125,0.125,0.125
92,92.0,91.94853144225806,0.125,0.125,0.125,0.125,0.125,0.125,0.125,0.125
93,93.0,92.96420447840067,0.125,0.125,0.125,0.125,0.125,0.125,0.125,0.125
94,94.0,93.97966816614502,0.125,0.125,0.125,0.125,0.125,0.125,0.125,0.125
95,95.0,95.00478880345348,0.125,0.125,0.125,0.125,0.125,0.125,0.125,0.125
96,96.0,96.02934948899656,0.125,0.125,0.125,0.125,0.125,0.125,0.125,0.125
97,97.0,97.05316061109536,0.125,0.125,0.125,0.125,0.125,0.125,0.125,0.125
98,98.0,98.07605901487332,0.125,0.125,0.125,0.125,0.125,0.125,0.125,0.125
99,99.0,99.10790698812477,0.125,0.125,0.125,0.125,0.125,0.125,0.125,0.125
100,100.0,100.13849109416982,0.125,0.125,0.125,0.125,0.125,0.125,0.125,0.125
101,101.0,101.16763187866867,0.125,0.125,0.125,0.125,0.125,0.125,0.125,0.125
102,102.0,102.19518226593095,0.125,0.125,0.125,0.125,0.125,0.125,0.125,0.125
103,103.0,103.22102579180769,0.125,0.125,0.125,0.125,0.125,0.125,0.125,0.125
104,104.0,104.24507470717867,0.125,0.125,0.125,0.125,0.125,0.125,0.125,0.125
105,105.0,105.26726798394078,0.125,0.125,0.125,0.125,0.125,0.125,0.125,0.125
106,106.0,106.28756925318726,0.125,0.125,0.125,0.125,0.125,0.125,0.125,0.125
107,107.0,107.30596470297722,0.125,0.125,0.125,0.125,0.125,0.125,0.125,0.125
108,108.0,108.32246096075842,0.125,0.125,0.125,0.125,0.125,0.125,0.125,0.125
109,109.0,109.33708298315392,0.125,0.125,0.125,0.125,0.125,0.125,0.125,0.125
110,110.0,110.34987197347833,0.125,0.125,0.125,0.125,0.125,0.125,0.125,0.125
111,111.0,111.3608833450355,0.125,0.125,0.125,0.125,0.125,0.125,0.125,0.125
112,112.0,112.37018474598662,0.125,0.125,0.125,0.125,0.125,0.125,0.125,0.125
113,113.0,113.37785415938275,0.125,0.125,0.125,0.125,0.125,0.125,0.125,0.125
114,114.0,114.38397808984544,0.125,0.125,0.125,0.125,0.125,0.125,0.125,0.125
115,115.0,115.3886498463634,0.125,0.125,0.125,0.125,0.125,0.125,0.125,0.125
116,116.0,116.39196792876595,0.125,0.125,0.125,0.125,0.125,0.125,0.125,0.125
117,117.0,117.39403452364057,0.125,0.125,0.125,0.125,0.125,0.125,0.125,0.125
118,118.0,118.39495411379131,0.125,0.125,0.125,0.125,0.125,0.125,0.125,0.125
119,119.0,119.39483220378906,0.125,0.125,0.125,0.125,0.125,0.125,0.125,0.125
120,120.0,120.39377416274917,0.125,0.125,0.125,0.125,0.125,0.125,0.125,0.125
121,121.0,121.39188418418577,0.125,0.125,0.125,0.125,0.125,0.125,0.125,0.125
122,122.0,122.38926436163686,0.125,0.125,0.125,0.125,0.125,0.125,0.125,0.125
123,123.0,123.38601387772647,0.125,0.125,0.125,0.125,0.125,0.125,0.125,0.125
124,124.0,124.38222830342986,0.125,0.125,0.125,0.125,0.125,0.125,0.125,0.125
125,125.0,125.3779990035286,0.125,0.125,0.125,0.125,0.125,0.125,0.125,0.125
126,126.0,126.37341264358217,0.125,0.125,0.125,0.125,0.125,0.125,0.125,0.125
127,127.0,127.36855079319459,0.125,0.125,0.125,0.125,0.125,0.125,0.125,0.125
128,128.0,128.37348961991378,0.125,0.125,0.125,0.125,0.125,0.125,0.125,0.125
129,129.0,129.37819966776195,0.125,0.125,0.125,0.125,0.125,0.125,0.125,0.125
130,130.0,130.38265671414766,0.125,0.125,0.125,0.125,0.125,0.125,0.125,0.125
131,131.0,131.38684148875333,0.125,0.125,0.125,0.125,0.125,0.125,0.125,0.125
132,132.0,132.3907393710109,0.125,0.125,0.125,0.125,0.125,0.125,0.125,0.125
133,133.0,133.3943400713326,0.125,0.125,0.125,0.125,0.125,0.125,0.125,0.125
134,134.0,134.39763730090883,0.125,0.125,0.125,0.125,0.125,0.125,0.125,0.125
135,135.0,135.40062843451832,0.125,0.125,0.125,0.125,0.125,0.125,0.125,0.125
136,136.0,136.4033141704217,0.125,0.125,0.125,0.125,0.125,0.125,0.125,0.125
137,137.0,137.40569819103052,0.125,0.125,0.125,0.125,0.125,0.125,0.125,0.125
138,138.0,138.40778682766816,0.125,0.125,0.125,0.125,0.125,0.125,0.125,0.125
139,139.0,139.40958873236534,0.125,0.125,0.125,0.125,0.125,0.125,0.125,0.125
140,140.0,140.41111455926912,0.125,0.125,0.125,0.125,0.125,0.125,0.125,0.125
141,141.0,141.41237665788987,0.125,0.125,0.125,0.125,0.125,0.125,0.125,0.125
142,142.0,142.41338878006965,0.125,0.125,0.125,0.125,0.125,0.125,0.125,0.125
143,143.0,143.41416580223077,0.125,0.125,0.125,0.125,0.125,0.125,0.125,0.125
144,144.0,144.41472346415347,0.125,0.125,0.125,0.125,0.125,0.125,0.125,0.125
145,145.0,145.41507812524233,0.125,0.125,0.125,0.125,0.125,0.125,0.125,0.125
146,146.0,146.41524653896988,0.125,0.125,0.125,0.125,0.125,0.125,0.125,0.125
147,147.0,147.41524564593502,0.125,0.125,0.125,0.125,0.125,0.125,0.125,0.125
148,148.0,148.41509238574426,0.125,0.125,0.125,0.125,0.125,0.125,0.125,0.125
149,149.0,149.41480352771515,0.125,0.125,0.125,0.125,0.125,0.125,0.125,0.125
150,150.0,150.41439552021177,0.125,0.125,0.125,0.125,0.125,0.125,0.125,0.125
151,151.0,151.4138843582566,0.125,0.125,0.125,0.125,0.125,0.125,0.125,0.125
152,152.0,152.41328546891444,0.125,0.125,0.125,0.125,0.125,0.125,0.125,0.125
153,153.0,153.4126136138173,0.125,0.125,0.125,0.125,0.125,0.125,0.125,0.125
154,154.0,154.41188280809175,0.125,0.125,0.125,0.125,0.125,0.125,0.125,0.125
155,155.0,155.41110625485783,0.125,0.125,0.125,0.125,0.125,0.125,0.125,0.125
156,156.0,156.41029629439868,0.125,0.125,0.125,0.125,0.125,0.125,0.125,0.125
157,157.0,157.4094643670415,0.125,0.125,0.125,0.125,0.125,0.125,0.125,0.125
158,158.0,158.40862098874962,0.125,0.125,0.125,0.125,0.125,0.125,0.125,0.125
159,159.0,159.4077757383994,0.125,0.125,0.125,0.125,0.125,0.125,0.125,0.125
160,160.0,160.40693725570023,0.125,0.125,0.125,0.125,0.125,0.125,0.125,0.125
161,161.0,161.40611324871395,0.125,0.125,0.125,0.125,0.125,0.125,0.125,0.125
162,162.0,162.4053105099392,0.125,0.125,0.125,0.125,0.125,0.125,0.125,0.125
163,163.0,163.40453493994252,0.125,0.125,0.125,0.125,0.125,0.125,0.125,0.125
164,164.0,164.40379157754606,0.125,0.125,0.125,0.125,0.125,0.125,0.125,0.125
165,165.0,165.4030846356138,0.125,0.125,0.125,0.125,0.125,0.125,0.125,0.125
166,166.0,166.40241754151862,0.125,0.125,0.125,0.125,0.125,0.125,0.125,0.125
167,167.0,167.40179298141777,0.125,0.125,0.125,0.125,0.125,0.125,0.125,0.125
168,168.0,168.40121294751285,0.125,0.125,0.125,0.125,0.125,0.125,0.125,0.125
169,169.0,169.40067878752328,0.125,0.125,0.125,0.125,0.125,0.125,0.125,0.125
170,170.0,170.40019125565743,0.125,0.125,0.125,0.125,0.125,0.125,0.125,0.125
171,171.0,171.3997505644216,0.125,0.125,0.125,0.125,0.125,0.125,0.125,0.125
172,172.0,172.39935643666516,0.125,0.125,0.125,0.125,0.125,0.125,0.125,0.125
173,173.0,173.3990081573177,0.125,0.125,0.125,0.125,0.125,0.125,0.125,0.125
174,174.0,174.3987046243318,0.125,0.125,0.125,0.125,0.125,0.125,0.125,0.125
175,175.0,175.39844439840115,0.125,0.125,0.125,0.125,0.125,0.125,0.125,0.125
176,176.0,176.39822575107956,0.125,0.125,0.125,0.125,0.125,0.125,0.125,0.125
177,177.0,177.39804671097937,0.125,0.125,0.125,0.125,0.125,0.125,0.125,0.125
178,178.0,178.3979051077794,0.125,0.125,0.125,0.125,0.125,0.125,0.125,0.125
179,179.0,179.3977986138216,0.125,0.125,0.125,0.125,0.125,0.125,0.125,0.125
180,180.0,180.3977247831214,0.125,0.125,0.125,0.125,0.125,0.125,0.125,0.125
181,181.0,181.39768108765998,0.125,0.125,0.125,0.125,0.125,0.125,0.125,0.125
182,182.0,182.39766495086812,0.125,0.125,0.125,0.125,0.125,0.125,0.125,0.125
183,183.0,183.39767377824674,0.125,0.125,0.125,0.125,0.125,0.125,0.125,0.125
184,184.0,184.39770498510507,0.125,0.125,0.125,0.125,0.125,0.125,0.125,0.125
185,185.0,185.3977560214265,0.125,0.125,0.125,0.125,0.125,0.125,0.125,0.125
186,186.0,186.3978243939015,0.125,0.125,0.125,0.125,0.125,0.125,0.125,0.125
187,187.0,187.39790768519,0.125,0.125,0.125,0.125,0.125,0.125,0.125,0.125
188,188.0,188.39800357049776,0.125,0.125,0.125,0.125,0.125,0.125,0.125,0.125
189,189.0,189.39810983156977,0.125,0.125,0.125,0.125,0.125,0.125,0.125,0.125
190,190.0,190.39822436821888,0.125,0.125,0.125,0.125,0.125,0.125,0.125,0.125
191,191.0,191.3983452075209,0.125,0.125,0.125,0.125,0.125,0.125,0.125,0.125
192,192.0,192.3984705108175,0.125,0.125,0.125,0.125,0.125,0.125,0.125,0.125
193,193.0,193.39859857867626,0.125,0.125,0.125,0.125,0.125,0.125,0.125,0.125
194,194.0,194.39872785396236,0.125,0.125,0.125,0.125,0.125,0.125,0.125,0.125
195,195.0,195.39885692318023,0.125,0.125,0.125,0.125,0.125,0.125,0.125,0.125
196,196.0,196.39898451624452,0.125,0.125,0.125,0.125,0.125,0.125,0.125,0.125
197,197.0,197.39910950483997,0.125,0.125,0.125,0.125,0.125,0.125,0.125,0.125
198,198.0,198.39923089952745,0.125,0.125,0.125,0.125,0.125,0.125,0.125,0.125
199,199.0,199.39934784575092,0.12486111111111112,0.12486111111111112,0.12486111111111112,0.12486111111111112,0.12486111111111112,0.12486111111111112,0.12486111111111112,0.12597222222222224
200,200.0,200.39945961889453,0.12472361111111113,0.12472361111111113,0.12472361111111113,0.12472361111111113,0.12472361111111113,0.12472361111111113,0.12472361111111113,0.12693472222222224
201,201.0,201.39956561853484,0.12447762500000002,0.12447762500000002,0.12447762500000002,0.12547762500000004,0.12447762500000002,0.12447762500000002,0.12447762500000002,0.12765662500000002
202,202.0,202.3996653620258,0.12423646125000003,0.12423646125000003,0.12423646125000003,0.12622646125000006,0.12423646125000003,0.12423646125000003,0.12423646125000003,0.12835477125000003
203,203.0,203.39975847754735,0.12400204926250002,0.12400204926250002,0.12400204926250002,0.12696314926250007,0.12400204926250002,0.12400204926250002,0.12400204926250002,0.12902455516250005
204,204.0,204.3998446967413,0.12349828020334724,0.12460939131445836,0.12349828020334724,0.1285148703144584,0.12449828020334724,0.12349828020334724,0.12349828020334724,0.1283843373543473
205,205.0,205.39992384704843,0.12289601635918738,0.1251071274702985,0.12289601635918738,0.12981238166918743,0.12488601635918738,0.12389601635918739,0.12289601635918738,0.12761040906457743
206,206.0,206.39999584385436,0.12212931166514455,0.12541942277625567,0.12212931166514455,0.13070449281922644,0.1259085934833264,0.12493749348332639,0.12212931166514455,0.1266420624424317
207,207.0,207.40006068254118,0.12119904492991518,0.1254273549299152,0.12219904492991518,0.13212080247152383,0.12658119059658188,0.125788326748097,0.12119904492991518,0.12548519046413686
208,208.0,208.4001184305339,0.12029905684315201,0.125429462743152,0.12228905684315203,0.1334810913156944,0.12723662518345508,0.1266272540249702,0.12029905684315201,0.12433839620327253
209,209.0,209.400169219422,0.11943531942087607,0.12542630757187606,0.12239641942087609,0.1347773585441092,0.1278700591507155,0.12744707663996696,0.11943531942087607,0.12321213983070434
210,210.0,210.40021323722706,0.11861284497086139,0.12541844726625137,0.1225183239708614,0.13600304364605956,0.12847735822065182,0.128241506833125,0.11861284497086139,0.12211563012132834
211,211.0,211.40025072087934,0.11783573194038197,0.12540643094276907,0.12265209725038201,0.13715294798317249,0.12905506289229707,0.12900513954469658,0.11783573194038197,0.12105685750591907
212,212.0,212.40028194895763,0.11710721531778909,0.12539079436644973,0.12279521465368914,0.13738981725522723,0.13043368889209725,0.12973341819572465,0.11710721531778909,0.120042636001234
213,213.0,213.4003072347385,0.11636561806441749,0.1253079533642377,0.12288120803026854,0.13819361191703472,0.13151294757082863,0.1303584928416507,0.11636561806441749,0.11901455014714493
214,214.0,214.40032691959388,0.11567735652357103,0.12522314909643664,0.12297262215671949,0.13892267840607855,0.13254275230457999,0.13094212544421802,0.11567735652357103,0.1180419595448255
215,215.0,215.40034136676778,0.11504397973940568,0.1251374259322835,0.12306800081679031,0.13957719887474462,0.13351775044051178,0.13148262388173676,0.11504397973940568,0.11712904057512193
216,216.0,216.40035095555663,0.11512567366343564,0.12499678793810995,0.12311104871557325,0.13999324755554887,0.13421389243726647,0.13192395153139155,0.11441138794914991,0.1162240102095246
217,217.0,217.40035607591105,0.11525670769219448,0.12485758352631031,0.12315601899965982,0.1403388627888211,0.1348499046865964,0.1323210627449228,0.1138352791207659,0.11538458044072941
218,218.0,218.4003571234709,0.11543083747492172,0.1247210613827652,0.1232022697276788,0.1406176317669818,0.13542544004075074,0.13267440805380756,0.11331576604635028,0.11461258550674412
219,219.0,219.40035449504006,0.11564201213839326,0.12458831850208461,0.12324921034795676,0.14154773714004623,0.13522650512141982,0.13298483059542157,0.11285238428125038,0.11390900187342758
220,220.0,220.4003485845019,0.11588441544789994,0.1244603043867889,0.12329630246506501,0.14241188707193622,0.13497539344800258,0.13325351842107583,0.11244415451218563,0.11327402424704608
221,221.0,221.40033977917255,0.1161525005057432,0.12433782630149252,0.12334306000814946,0.14320803560745032,0.13467983381264187,0.13348195812410976,0.11208964383724317,0.11270714180316993
222,222.0,222.40032845658442,0.11644101828651093,0.12422155542404853,0.12338904885918162,0.14393502140087097,0.13434722660788562,0.13367189011975503,0.11178702545376018,0.11220721384798735
223,223.0,223.40031498168923,0.11664980224486493,0.12473108136149375,0.12338626695123736,0.14440201467799713,0.13384174551986378,0.13377764681117502,0.1114865172688065,0.11172492516456177
224,224.0,224.40029970446668,0.1168704522091773,0.1252415863158219,0.12338247632215092,0.14480177332911554,0.1333143041763546,0.1338494453047352,0.11123377048723587,0.1113061918554089
225,225.0,225.4002829579217,0.11764124174587574,0.12566453400246813,0.12333614908366071,0.14406126565455823,0.13264737301634186,0.1347573876777102,0.11098486976985905,0.11090717904952631
226,226.0,226.40026505645199,0.1183361914265971,0.12600369309557657,0.12321374459333442,0.14319434760606262,0.1318983127573185,0.13615840133055,0.11070366194167283,0.11049164724888823
227,227.0,227.40024629456477,0.11882112610532224,0.12675424122876028,0.12288928498644931,0.1414625197666978,0.1320591283880773,0.13782172533129602,0.1102613801572304,0.10993059403616696
228,228.0,228.4002269459206,0.11912883407709966,0.12832167015831603,0.12240285651236624,0.1395487275355805,0.13265703490814315,0.1389848678105226,0.10969519077163793,0.10926081822633418
229,229.0,229.40020726268165,0.11942341148235693,0.12985806806476163,0.12192497089199639,0.13763975582364774,0.13324893756997813,0.14008291879229273,0.1091725969883169,0.1086493403866499
230,230.0,230.40018747513977,0.1197435481843386,0.1313914966519888,0.12139234839509684,0.13579453487674548,0.13386984031343213,0.14093667573373866,0.1086272608837981,0.10824429496086171
231,231.0,231.40016779160067,0.11994256063689843,0.13267508322568394,0.12077278078138096,0.13399059855710907,0.13518788967163647,0.14161694041311512,0.10802390189833787,0.10779024481583843
232,232.0,232.4001483984995,0.12011130562469502,0.13388352878752355,0.12026724618893567,0.1322257277477706,0.13646456133741253,0.14221517451034002,0.10745518070225835,0.10737727510106451
233,233.0,233.40012946072343,0.12012432762038747,0.13488546815913552,0.119646857156768,0.13038787762060025,0.13756443153940606,0.1426047882412254,0.10790662917700829,0.10687962048546926
234,234.0,234.40011112211775,0.12012206870322925,0.1367256234749174,0.11905430301917187,0.12862772460865285,0.13699580509859877,0.1436420332193821,0.10839671587075725,0.10643572600529078
235,235.0,235.40009350615145,0.12009292165894019,0.1384704318743757,0.11847956793332926,0.12694084614456067,0.1364832656766476,0.14459795181516352,0.10890461469115907,0.10603040020582424
236,236.0,236.40007671672026,0.11997595130018182,0.13989654934313867,0.11869603520776215,0.12527385492978996,0.13579290691963444,0.14540522832614444,0.10935856312474476,0.105600910848604
237,237.0,237.400060839065,0.11980167243255144,0.14117851020651456,0.11889298270426144,0.12366199492211907,0.13503815893738025,0.1464721693472103,0.10977997949642285,0.10517453195354037
238,238.0,238.4000459407846,0.11951464660770046,0.14212679330029115,0.11971260904287159,0.12205295951300263,0.13410599348021696,0.147689703119706,0.11010499076075522,0.10469230417545625
239,239.0,239.4000320729244,0.11911309997618065,0.14286474938245639,0.12043391588796126,0.12144663779325755,0.13306524745448065,0.14871467622734486,0.11021295740130321,0.10414871587701571
240,240.0,240.40001927112098,0.11867573537909175,0.14346926688746742,0.12112275741454921,0.1209120569052618,0.13200042167140363,0.14991344794671257,0.11028773950815743,0.10361857428735648
241,241.0,241.4000075567867,0.11812000766478448,0.14385714390381246,0.12168499114504269,0.12026597888963422,0.1308340717703737,0.15207197304050024,0.11015049802853255,0.10301533555731991
242,242.0,242.399996938318,0.11746954302680836,0.14405239831487932,0.12213388812643083,0.12037164078337285,0.12959424626688104,0.15418360814208115,0.10983610094661797,0.10235857439292875
243,243.0,243.39998741231295,0.11680850162209186,0.14414052165526697,0.1225444748819921,0.12053917561296733,0.1283688727943887,0.15636828953602375,0.10950177142982542,0.1017283924674442
244,244.0,244.3999789647853,0.11614442622807299,0.14413122048535623,0.12291635125347036,0.1207605954232529,0.1271686345712383,0.15859774297213491,0.10915272070352744,0.1011283083629472
245,245.0,245.39997157236257,0.11548404454740571,0.14403411381765957,0.12324945306534267,0.12102808106784116,0.12600280400451075,0.16084671186335187,0.10879369494572107,0.10056109668816754
246,246.0,246.39996520345846,0.11485307154504205,0.1438784337881131,0.12356380727493144,0.12135383162633646,0.12489907915371153,0.16295439133888817,0.10844876243661575,0.10004862283636179
247,247.0,247.3999598194102,0.11423511323732549,0.14365183168734744,0.12383838225451932,0.12170900025591336,0.12384252384990602,0.1650521734665052,0.10810020033058262,0.0995707749179008
248,248.0,248.39995537557266,0.11363471835710433,0.14336333636272802,0.12407408079654637,0.12208676408240375,0.12283865731066874,0.1671223758250678,0.10775152782761065,0.09912853943787057
249,249.0,249.39995182236316,0.11305577219159064,0.14302165977104586,0.12427207124050782,0.12248072362901082,0.12189188700609466,0.1691495905997799,0.10740588037358284,0.09872241518838774
250,250.0,250.39994910625097,0.11145986804891754,0.1435934855228727,0.12464209320971932,0.1235099351128722,0.12129725306704525,0.1704955367089717,0.10644102732276045,0.0985608010068411
251,251.0,251.39994717068748,0.10990176190782885,0.14411884626594057,0.1249753444715649,0.12453768236502498,0.12076258933595967,0.17178017358089534,0.10549063890493228,0.09843296316785365
252,252.0,252.39994595697348,0.11007274220906418,0.14460995540651517,0.1252849900969832,0.12456665484893902,0.11963339927550623,0.17290704218081482,0.10457559305379772,0.09834962292837984
253,253.0,253.39994540506115,0.11028496299215129,0.14505209950021258,0.12555706668013528,0.12458321280337153,0.11856719990599876,0.17397324324252392,0.10368827845797124,0.09829393641763558
254,254.0,254.39994545428942,0.11053176749204291,0.14544534310175233,0.125792199850385,0.12458802159269515,0.11756794364300653,0.17497705507244501,0.1028343846288491,0.09826328461882411
255,255.0,255.39994604405197,0.11081831303590203,0.1458017275681772,0.1260028163611625,0.12459329178936988,0.1166500124823503,0.17583709226856115,0.10203019217189446,0.09826655432258266
256,256.0,256.3999471143977,0.11050721819197214,0.1470146426202227,0.12655871984138603,0.12401600172639174,0.11589819706776756,0.17635387740669228,0.10131489766920558,0.09833644547636211
257,257.0,257.399948606565,0.11017047389640941,0.1479335172358396,0.12701818582007468,0.1233388200888176,0.11578871040392526,0.17677969936305235,0.10059588021932075,0.09837471297256054
258,258.0,258.3999504634498,0.10880152139943838,0.14862761403615865,0.1272634789140041,0.12260887385544554,0.11634812114669119,0.1781105341306185,0.09986821115356406,0.09837164536407972
259,259.0,259.3999526300116,0.1073770387650099,0.14957590055720976,0.12727659708688974,0.12175684000036274,0.11731673514483915,0.17930591384635564,0.09909980004302056,0.09829117455631267
260,260.0,260.39995505361725,0.10596403703667719,0.1503014024508867,0.12713874353222399,0.12088816082775428,0.11883104008869363,0.1803379388762979,0.09834961840673756,0.09818905878072891
261,261.0,261.39995768432607,0.10457623343523166,0.15082208433746067,0.12686859984066157,0.12001392295521647,0.12022426501071601,0.18121335973284305,0.0976240804077695,0.09865745428010121
262,262.0,262.39996047512074,0.10321648202475961,0.15199561593234726,0.1264654966410609,0.11913492047222815,0.1214873069948259,0.18171667472221037,0.0969194729031351,0.09906403030943284
263,263.0,263.3999633820847,0.10192460489400407,0.1530891327929222,0.12603423226839902,0.11828944965839995,0.12273781900282679,0.1818999237716747,0.09655549299789731,0.09946934461387609
264,264.0,264.39996636453145,0.1007063599035745,0.15409895425855802,0.12558118851825587,0.11748223857222773,0.12396417542952312,0.18206172169434884,0.09623626488336307,0.09986909674014897
265,265.0,265.39996938508824,0.09957370914648547,0.15503763736837803,0.12512735948016668,0.11672467620895044,0.12516367112592125,0.18213116705225654,0.09597479137589306,0.10026698824194863
266,266.0,266.39997240973844,0.09852191219946632,0.15588789411185058,0.12493261722856223,0.11601186581240387,0.12631948970057952,0.18192160545310015,0.09575289673484055,0.10065171875919689
267,267.0,267.3999754078263,0.09751628132632123,0.15705376508532823,0.12468516894509772,0.11527257525933904,0.12727702623761925,0.18168018030923866,0.09553136607653862,0.10098363676051736
268,268.0,268.39997835202706,0.09656231822477976,0.15793128813577484,0.1243921287114863,0.11451731596405597,0.12860337661756904,0.18141671222712477,0.09531209380533426,0.10126476631387518
269,269.0,269.3999812182875,0.09569347013148652,0.1587163186493917,0.12408938574403569,0.11381372354122474,0.1298657056292456,0.18116916314719034,0.09512578380610297,0.10152644935132257
270,270.0,270.39998398573897,0.09490958569634324,0.15940959891431283,0.12377995275518518,0.1131633388976221,0.13105746378915312,0.18094202829228692,0.09497034629122701,0.10176768536386971
271,271.0,271.3999866365879,0.09420968800183524,0.16001273236065644,0.12346663488880996,0.11256702570571014,0.1321734712048183,0.18073905094502263,0.09484360959531739,0.10198778729783006
272,272.0,272.39998915598613,0.09359206673311998,0.16052808110036856,0.12315202195815389,0.11146947377895923,0.1332098322587846,0.18056326192307143,0.0952989053235439,0.10218635692399858
273,273.0,273.39999153188467,0.09302512867066562,0.161309543262582,0.12280924376219624,0.11040224072048105,0.13401764712271508,0.18016051004990316,0.09571439369693124,0.10256129271452577
274,274.0,274.3999937548745,0.09250918124045604,0.1623221056153954,0.12244366370738304,0.10937267334001856,0.13461139863295943,0.1797703450631274,0.09608931329920034,0.10288131910145999
275,275.0,275.3999958180166,0.09206768360076625,0.1632477510632469,0.12208404560068747,0.10841069949077217,0.13512469119908646,0.17942251969444625,0.09647076930583505,0.10317184004515961
276,276.0,276.3999977166643,0.0916973282281271,0.1640853598005261,0.12173255686592255,0.10751890203729869,0.1355601602690326,0.17911960848550576,0.09685373847470437,0.10343234583888299
277,277.0,277.3999994482806,0.09139443463765735,0.16483481978711234,0.12139109001753517,0.10669891150265301,0.13592096368981388,0.17886338687525205,0.097233700174091,0.10366269331588539
278,278.0,278.40000101225246,0.0911312137242571,0.16530645042977654,0.12103746099462752,0.10592767523751112,0.13609165003411322,0.1791072771400376,0.09755901180837402,0.10383926063130307
279,279.0,279.4000024097046,0.09092750389874114,0.16569423672383116,0.12069708557018681,0.10522920364696182,0.13619641190123788,0.17939474755705762,0.09787423220649648,0.10398657849548726
280,280.0,280.4000036433145,0.0907574980296915,0.1658290288695571,0.12034965281924663,0.10503585731311207,0.13613232091276928,0.17967825255450473,0.09813343204632377,0.10408395745479505
281,281.0,281.40000471713023,0.09061900212648262,0.16573203709477544,0.11999833649369662,0.10486967976502029,0.1363500329137005,0.17995768489922503,0.09833857407794826,0.10413465262915145
282,282.0,282.40000563639313,0.09092635265559867,0.16542430509943876,0.11964600438789018,0.10472872235619697,0.13640788850954003,0.1802328161539113,0.09849188433661306,0.10414202650081124
283,283.0,283.40000640736577,0.09123963402523318,0.16492662875928008,0.11929523370874354,0.1046109195513467,0.13671889241401958,0.1805033419706464,0.09859583134379508,0.10410951822693565
284,284.0,284.4000070371675,0.09155412875758973,0.16464407303516373,0.11894832435716074,0.10451414233807249,0.13687670510025907,0.18076891659563638,0.09865309802524364,0.10404061179087445
285,285.0,285.4000075336174,0.09189404642654843,0.16432213390690914,0.11862155609709801,0.10446473178682533,0.13699177418992672,0.18105766911209548,0.098695039153977,0.10395304932662008
286,286.0,286.4000079050861,0.09222474477911131,0.1638393424696913,0.11830130522528459,0.10442974455426686,0.13696729749790987,0.18133843322711968,0.09906422670754343,0.10383490553907312
287,287.0,287.4000081603571,0.09254281950806276,0.1632125383560845,0.11816151354076335,0.10440706892552419,0.13717156296907534,0.18143843539997198,0.09937645881151794,0.10368960248900014
288,288.0,288.40000830849743,0.09305126996309926,0.1623194075154326,0.1189986502394763,0.10425579064492115,0.13727343901871447,0.18122604438780746,0.09949378838457604,0.1033816098459729
289,289.0,289.4000083587387,0.09341700803958336,0.16153865193409747,0.12060823911347823,0.10400315581343098,0.13713718859563906,0.18090559115370344,0.09944680011018348,0.10294336523988419
290,290.0,290.40000832036856,0.09369058311889919,0.16066865626421592,0.12284288805022685,0.10369141713116484,0.1368794566460203,0.18052352516223946,0.09929214131256714,0.10241133231466654
291,291.0,291.4000082026317,0.09385209320425948,0.15962520802117072,0.12556382727446205,0.10331397251248406,0.13675721821334338,0.18007697480035859,0.0990155579990592,0.10179514797486275
292,292.0,292.4000080146422,0.09391381880029956,0.1587482729995904,0.12866553847856554,0.10288425932911675,0.1364582356109291,0.17958265339911877,0.0986345170899108,0.10111270429246924
293,293.0,293.4000077653052,0.09396985513835412,0.1578967853191588,0.13183969973424958,0.10248746302708318,0.1361421665927446,0.17897233290315706,0.09824783278087583,0.10044386450437698
294,294.0,294.40000746324887,0.09396509402259942,0.15702142666102686,0.1345739384347883,0.10206914312302853,0.13575859202901036,0.17835420406426788,0.09851893350778052,0.09973866815749827
295,295.0,295.4000071167657,0.09390732677061289,0.15613483412979237,0.13771323757389892,0.10163729913723442,0.13531959464016508,0.17758805846733736,0.09869034998953209,0.09900929929142699
296,296.0,296.4000067337632,0.09380572004682597,0.15525238331846422,0.14105030018093526,0.10120089029602111,0.1348404929629946,0.17680244482522448,0.09877691324240512,0.09827085512712937
297,297.0,297.4000063217233,0.09366640915977419,0.15497145515140034,0.14378634648446037,0.1007654724674603,0.13433082373722077,0.17615941652450143,0.098787713544994,0.09753236293018867
298,298.0,298.40000588767015,0.09349496613138658,0.15467302363930902,0.14664930481756558,0.10033570922530438,0.13379914890669373,0.17551519017440484,0.09873103618276531,0.09680162092257064
299,299.0,299.4000054381456,0.09329649060470463,0.1543621674290619,0.1495963064063457,0.09991550474195843,0.13325315777881802,0.17487649984199705,0.09861453969307113,0.09608533350404319
300,300.0,300.40000497919215,0.0930734091646527,0.15403871471223332,0.15257816980848607,0.09950584376620304,0.1326952190542636,0.17428310013141124,0.0984408481132112,0.09538469524953881
301,301.0,301.400004516342,0.09221740382700111,0.15382186669316683,0.1555829750641129,0.09913183981223078,0.1322267779294216,0.17372590278229025,0.09857406037838883,0.09471917351338767
302,302.0,302.40000405461353,0.0913535380040247,0.15405744554929268,0.15811670995207863,0.09877530560589627,0.13176169937954635,0.17318849792047206,0.0986641807584349,0.09408262283025437
303,303.0,303.4000035985117,0.09048875916830257,0.15426404458122336,0.16062156431346467,0.09843558228031593,0.13129962579064283,0.17270692163668333,0.09870966276969582,0.09347383945967143
304,304.0,304.40000315203497,0.08969068495772044,0.15374003102368455,0.16327614480180358,0.0981631838837628,0.1311762157887668,0.1721867711270605,0.09874266679067838,0.09302430162652298
305,305.0,305.4000027186856,0.0888972139818981,0.1530797268685233,0.16559675504042023,0.09819332342403338,0.13097209110387537,0.1715653803230243,0.09869899300760733,0.092996516250618
306,306.0,306.4000023014843,0.08811489736463704,0.15229723378971993,0.16784109969944,0.09821249259216436,0.13098714196931252,0.17099088568463783,0.09858411955635983,0.09297212934372855
307,307.0,307.40000190298827,0.08735987623142037,0.15250664781447473,0.16964726556577064,0.0982470729096037,0.13038682068758162,0.17044920175382025,0.09844122470934791,0.09296189032798086
308,308.0,308.40000152531195,0.0864892719945354,0.15245667301937912,0.1723558655719333,0.09813067148491667,0.12986355246918976,0.16978636168713793,0.09810122321953707,0.0928163805533708
309,309.0,309.4000011701501,0.08565988028589615,0.1523418852892711,0.1748313396782996,0.09801533482028824,0.12928295525954817,0.1694350450730738,0.09773454135900916,0.09269901823461382
310,310.0,310.400000838803,0.08486319384846382,0.15211627690683333,0.1768748367484455,0.09788870058432894,0.12864024150493109,0.16936733092360423,0.09732142484011062,0.0929279946432825
311,311.0,311.40000053220257,0.08411025526721759,0.15187262506607946,0.17850930812754914,0.09777302463777052,0.12802196381267533,0.1693321526517603,0.09689685430283215,0.0934838161341155
312,312.0,312.4000002509402,0.08340789374757485,0.15162170412052398,0.17977728069640642,0.09799462316152327,0.1274437008903096,0.16940172620938496,0.09632864252859966,0.09402442864567723
313,313.0,313.3999999952946,0.08264081624905094,0.15124253695055936,0.18075208309960905,0.0980998905479914,0.12677848571534145,0.17041851957930776,0.09564593414690399,0.09442173371123595
314,314.0,314.39999976526065,0.08183372229132287,0.15076296900219352,0.1814886030169639,0.09810956726751777,0.12605594951965907,0.1712656138838607,0.09578625684187843,0.09469731817660368
315,315.0,315.3999995605775,0.08108902536897923,0.1503137451236593,0.18203909895242765,0.09813197925596495,0.12537939067638154,0.17212366717744426,0.09594658609708803,0.09497650734805495
316,316.0,316.39999938075687,0.08040592067527044,0.14989229900188966,0.18270762621325748,0.09816361679412175,0.12474494082139735,0.17301519618717334,0.09612130589152258,0.09494909441536734
317,317.0,317.3999992251108,0.07977797824348974,0.1494680384289222,0.18333861149632877,0.09818722650488385,0.12415125349402897,0.1738900515523062,0.09629121552656345,0.09489562475347676
318,318.0,318.39999909277816,0.07919651074372486,0.14921785659699396,0.18391599727543423,0.09817931782380876,0.12351570266834966,0.17474361951508557,0.09642392729619179,0.09480706808041109
319,319.0,319.399998982751,0.07866182335056018,0.1488773217233894,0.1844433997561704,0.09827817948762971,0.12284421914349312,0.17543301973685665,0.09651955887827499,0.09494247792362548
320,320.0,320.3999988938991,0.07809983764799591,0.14863069697641798,0.1856174031211765,0.09827307148051727,0.12207241458372518,0.17591043607091636,0.09642898032460409,0.09496715979464668
321,321.0,321.39999882499336,0.07752229862909385,0.14823834851620013,0.18669729982646832,0.09894605564477345,0.12146205358019146,0.17606179600988164,0.09617785238407084,0.09489429540932028
322,322.0,322.39999877472826,0.07699171226073678,0.14776690462778405,0.18770474924965022,0.09958262401568767,0.12082605494333226,0.17618856078816403,0.09589630413901931,0.09504308997562569
323,323.0,323.39999874174237,0.07651431564613304,0.14748121877786557,0.18856158691665156,0.1001909948803194,0.1201752806280816,0.17629919621707624,0.09560096062825267,0.09517644630561992
324,324.0,324.39999872463767,0.07609616878637926,0.1472292803806165,0.18929562375518041,0.10078609769000677,0.11958238147474781,0.17638495324289427,0.09531770998988899,0.095307784680286
325,325.0,325.3999987219971,0.07568058311964294,0.14695528901979726,0.1897469643148636,0.10125341811225722,0.11899255390372751,0.17705185774006493,0.09493828533318151,0.09538104845646507
326,326.0,326.39999873240055,0.07533476894660027,0.14703935078053398,0.19015008652871054,0.10172768230821307,0.11847469959581008,0.17770502988638529,0.09460271943315281,0.09496566252059407
327,327.0,327.39999875443965,0.07503562087160484,0.14737927645699408,0.19028606331576448,0.10216428048252935,0.118007213379757,0.17831972480746966,0.0942708092971204,0.0945370113887603
328,328.0,328.3999987867304,0.0747811172652554,0.14770075815551836,0.1904286901992749,0.10256192025493384,0.11758938680819586,0.17889329677628435,0.09394481544935199,0.0941000150911854
329,329.0,329.3999988279249,0.07453530428071492,0.14800626713043813,0.19106117446678614,0.10285245219582186,0.11720142122053555,0.1791521268323993,0.09355182559033781,0.09363942828296641
330,330.0,330.39999887672064,0.07429778181548481,0.14859925426722778,0.1912020720437557,0.1030452405271703,0.1166476003603403,0.1793077220977869,0.09311828182150103,0.09378204706673329
