,Unnamed: 0,Total_iterations,Intertwine_two,Add_vertex,Delete_vertex,Invert_path_vertices,Insert_inside_vertex,Delete_inside_vertex
0,0.0,0.0,0.16666666666666669,0.16666666666666669,0.16666666666666669,0.16666666666666669,0.16666666666666669,0.16666666666666669
1,1.0,1.0,0.16666666666666669,0.16666666666666669,0.16666666666666669,0.16666666666666669,0.16666666666666669,0.16666666666666669
2,2.0,2.0,0.16666666666666669,0.16666666666666669,0.16666666666666669,0.16666666666666669,0.16666666666666669,0.16666666666666669
3,3.0,3.0,0.16666666666666669,0.16666666666666669,0.16666666666666669,0.16666666666666669,0.16666666666666669,0.16666666666666669
4,4.0,4.0,0.16666666666666669,0.16666666666666669,0.16666666666666669,0.16666666666666669,0.16666666666666669,0.16666666666666669
5,5.0,5.0,0.16666666666666669,0.16666666666666669,0.16666666666666669,0.16666666666666669,0.16666666666666669,0.16666666666666669
6,6.0,6.0,0.16666666666666669,0.16666666666666669,0.16666666666666669,0.16666666666666669,0.16666666666666669,0.16666666666666669
7,7.0,7.0,0.16666666666666669,0.16666666666666669,0.16666666666666669,0.16666666666666669,0.16666666666666669,0.16666666666666669
8,8.0,8.0,0.16666666666666669,0.16666666666666669,0.16666666666666669,0.16666666666666669,0.16666666666666669,0.16666666666666669
9,9.0,9.0,0.16666666666666669,0.16666666666666669,0.16666666666666669,0.16666666666666669,0.16666666666666669,0.16666666666666669
10,10.0,10.0,0.16666666666666669,0.16666666666666669,0.16666666666666669,0.16666666666666669,0.16666666666666669,0.16666666666666669
11,11.0,11.0,0.16666666666666669,0.16666666666666669,0.16666666666666669,0.16666666666666669,0.16666666666666669,0.16666666666666669
12,12.0,12.0,0.16666666666666669,0.16666666666666669,0.16666666666666669,0.16666666666666669,0.16666666666666669,0.16666666666666669
13,13.0,13.0,0.16666666666666669,0.16666666666666669,0.16666666666666669,0.16666666666666669,0.16666666666666669,0.16666666666666669
14,14.0,14.0,0.16666666666666669,0.16666666666666669,0.16666666666666669,0.16666666666666669,0.16666666666666669,0.16666666666666669
15,15.0,15.0,0.16666666666666669,0.16666666666666669,0.16666666666666669,0.16666666666666669,0.16666666666666669,0.16666666666666669
16,16.0,16.0,0.16666666666666669,0.16666666666666669,0.16666666666666669,0.16666666666666669,0.16666666666666669,0.16666666666666669
17,17.0,17.0,0.16666666666666669,0.16666666666666669,0.16666666666666669,0.16666666666666669,0.16666666666666669,0.16666666666666669
18,18.0,18.0,0.16666666666666669,0.16666666666666669,0.16666666666666669,0.16666666666666669,0.16666666666666669,0.16666666666666669
19,19.0,19.0,0.16666666666666669,0.16666666666666669,0.16666666666666669,0.16666666666666669,0.16666666666666669,0.16666666666666669
20,20.0,20.0,0.16666666666666669,0.16666666666666669,0.16666666666666669,0.16666666666666669,0.16666666666666669,0.16666666666666669
21,21.0,21.0,0.16666666666666669,0.16666666666666669,0.16666666666666669,0.16666666666666669,0.16666666666666669,0.16666666666666669
22,22.0,22.0,0.16666666666666669,0.16666666666666669,0.16666666666666669,0.16666666666666669,0.16666666666666669,0.16666666666666669
23,23.0,23.0,0.16666666666666669,0.16666666666666669,0.16666666666666669,0.16666666666666669,0.16666666666666669,0.16666666666666669
24,24.0,24.0,0.16666666666666669,0.16666666666666669,0.16666666666666669,0.16666666666666669,0.16666666666666669,0.16666666666666669
25,25.0,25.0,0.16666666666666669,0.16666666666666669,0.16666666666666669,0.16666666666666669,0.16666666666666669,0.16666666666666669
26,26.0,26.0,0.16666666666666669,0.16666666666666669,0.16666666666666669,0.16666666666666669,0.16666666666666669,0.16666666666666669
27,27.0,27.0,0.16666666666666669,0.16666666666666669,0.16666666666666669,0.16666666666666669,0.16666666666666669,0.16666666666666669
28,28.0,28.0,0.16666666666666669,0.16666666666666669,0.16666666666666669,0.16666666666666669,0.16666666666666669,0.16666666666666669
29,29.0,29.0,0.16666666666666669,0.16666666666666669,0.16666666666666669,0.16666666666666669,0.16666666666666669,0.16666666666666669
30,30.0,30.0,0.16666666666666669,0.16666666666666669,0.16666666666666669,0.16666666666666669,0.16666666666666669,0.16666666666666669
31,31.0,31.0,0.16666666666666669,0.16666666666666669,0.16666666666666669,0.16666666666666669,0.16666666666666669,0.16666666666666669
32,32.0,32.0,0.16666666666666669,0.16666666666666669,0.16666666666666669,0.16666666666666669,0.16666666666666669,0.16666666666666669
33,33.0,33.0,0.16666666666666669,0.16666666666666669,0.16666666666666669,0.16666666666666669,0.16666666666666669,0.16666666666666669
34,34.0,34.0,0.16666666666666669,0.16666666666666669,0.16666666666666669,0.16666666666666669,0.16666666666666669,0.16666666666666669
35,35.0,35.0,0.16666666666666669,0.16666666666666669,0.16666666666666669,0.16666666666666669,0.16666666666666669,0.16666666666666669
36,36.0,36.0,0.16666666666666669,0.16666666666666669,0.16666666666666669,0.16666666666666669,0.16666666666666669,0.16666666666666669
37,37.0,37.0,0.16666666666666669,0.16666666666666669,0.16666666666666669,0.16666666666666669,0.16666666666666669,0.16666666666666669
38,38.0,38.0,0.16666666666666669,0.16666666666666669,0.16666666666666669,0.16666666666666669,0.16666666666666669,0.16666666666666669
39,39.0,39.0,0.16666666666666669,0.16666666666666669,0.16666666666666669,0.16666666666666669,0.16666666666666669,0.16666666666666669
40,40.0,40.0,0.16666666666666669,0.16666666666666669,0.16666666666666669,0.16666666666666669,0.16666666666666669,0.16666666666666669
41,41.0,41.0,0.16666666666666669,0.16666666666666669,0.16666666666666669,0.16666666666666669,0.16666666666666669,0.16666666666666669
42,42.0,42.0,0.16666666666666669,0.16666666666666669,0.16666666666666669,0.16666666666666669,0.16666666666666669,0.16666666666666669
43,43.0,43.0,0.16666666666666669,0.16666666666666669,0.16666666666666669,0.16666666666666669,0.16666666666666669,0.16666666666666669
44,44.0,44.0,0.16666666666666669,0.16666666666666669,0.16666666666666669,0.16666666666666669,0.16666666666666669,0.16666666666666669
45,45.0,45.0,0.16666666666666669,0.16666666666666669,0.16666666666666669,0.16666666666666669,0.16666666666666669,0.16666666666666669
46,46.0,46.0,0.16666666666666669,0.16666666666666669,0.16666666666666669,0.16666666666666669,0.16666666666666669,0.16666666666666669
47,47.0,47.0,0.16666666666666669,0.16666666666666669,0.16666666666666669,0.16666666666666669,0.16666666666666669,0.16666666666666669
48,48.0,48.0,0.16666666666666669,0.16666666666666669,0.16666666666666669,0.16666666666666669,0.16666666666666669,0.16666666666666669
49,49.0,49.0,0.16666666666666669,0.16666666666666669,0.16666666666666669,0.16666666666666669,0.16666666666666669,0.16666666666666669
50,50.0,50.0,0.16666666666666669,0.16666666666666669,0.16666666666666669,0.16666666666666669,0.16666666666666669,0.16666666666666669
51,51.0,51.0,0.16666666666666669,0.16666666666666669,0.16666666666666669,0.16666666666666669,0.16666666666666669,0.16666666666666669
52,52.0,52.0,0.16666666666666669,0.16666666666666669,0.16666666666666669,0.16666666666666669,0.16666666666666669,0.16666666666666669
53,53.0,53.0,0.16666666666666669,0.16666666666666669,0.16666666666666669,0.16666666666666669,0.16666666666666669,0.16666666666666669
54,54.0,54.0,0.16666666666666669,0.16666666666666669,0.16666666666666669,0.16666666666666669,0.16666666666666669,0.16666666666666669
55,55.0,55.0,0.16666666666666669,0.16666666666666669,0.16666666666666669,0.16666666666666669,0.16666666666666669,0.16666666666666669
56,56.0,56.0,0.16666666666666669,0.16666666666666669,0.16666666666666669,0.16666666666666669,0.16666666666666669,0.16666666666666669
57,57.0,57.0,0.16666666666666669,0.16666666666666669,0.16666666666666669,0.16666666666666669,0.16666666666666669,0.16666666666666669
58,58.0,58.0,0.16666666666666669,0.16666666666666669,0.16666666666666669,0.16666666666666669,0.16666666666666669,0.16666666666666669
59,59.0,59.0,0.16666666666666669,0.16666666666666669,0.16666666666666669,0.16666666666666669,0.16666666666666669,0.16666666666666669
60,60.0,60.0,0.16666666666666669,0.16666666666666669,0.16666666666666669,0.16666666666666669,0.16666666666666669,0.16666666666666669
61,61.0,61.0,0.16666666666666669,0.16666666666666669,0.16666666666666669,0.16666666666666669,0.16666666666666669,0.16666666666666669
62,62.0,62.0,0.16666666666666669,0.16666666666666669,0.16666666666666669,0.16666666666666669,0.16666666666666669,0.16666666666666669
63,63.0,63.0,0.16666666666666669,0.16666666666666669,0.16666666666666669,0.16666666666666669,0.16666666666666669,0.16666666666666669
64,64.0,64.0,0.16666666666666669,0.16666666666666669,0.16666666666666669,0.16666666666666669,0.16666666666666669,0.16666666666666669
65,65.0,65.1,0.16666666666666669,0.16666666666666669,0.16666666666666669,0.16666666666666669,0.16666666666666669,0.16666666666666669
66,66.0,66.1,0.16666666666666669,0.16666666666666669,0.16666666666666669,0.16666666666666669,0.16666666666666669,0.16666666666666669
67,67.0,67.1,0.16666666666666669,0.16666666666666669,0.16666666666666669,0.16666666666666669,0.16666666666666669,0.16666666666666669
68,68.0,68.1,0.16666666666666669,0.16666666666666669,0.16666666666666669,0.16666666666666669,0.16666666666666669,0.16666666666666669
69,69.0,69.1,0.16666666666666669,0.16666666666666669,0.16666666666666669,0.16666666666666669,0.16666666666666669,0.16666666666666669
70,70.0,70.1,0.16666666666666669,0.16666666666666669,0.16666666666666669,0.16666666666666669,0.16666666666666669,0.16666666666666669
71,71.0,71.1,0.16666666666666669,0.16666666666666669,0.16666666666666669,0.16666666666666669,0.16666666666666669,0.16666666666666669
72,72.0,72.1,0.16666666666666669,0.16666666666666669,0.16666666666666669,0.16666666666666669,0.16666666666666669,0.16666666666666669
73,73.0,73.1,0.16666666666666669,0.16666666666666669,0.16666666666666669,0.16666666666666669,0.16666666666666669,0.16666666666666669
74,74.0,74.1,0.16666666666666669,0.16666666666666669,0.16666666666666669,0.16666666666666669,0.16666666666666669,0.16666666666666669
75,75.0,75.1,0.16666666666666669,0.16666666666666669,0.16666666666666669,0.16666666666666669,0.16666666666666669,0.16666666666666669
76,76.0,76.1,0.16666666666666669,0.16666666666666669,0.16666666666666669,0.16666666666666669,0.16666666666666669,0.16666666666666669
77,77.0,77.1,0.16666666666666669,0.16666666666666669,0.16666666666666669,0.16666666666666669,0.16666666666666669,0.16666666666666669
78,78.0,78.1,0.16666666666666669,0.16666666666666669,0.16666666666666669,0.16666666666666669,0.16666666666666669,0.16666666666666669
79,79.0,79.1,0.16666666666666669,0.16666666666666669,0.16666666666666669,0.16666666666666669,0.16666666666666669,0.16666666666666669
80,80.0,80.1,0.16666666666666669,0.16666666666666669,0.16666666666666669,0.16666666666666669,0.16666666666666669,0.16666666666666669
81,81.0,81.2,0.16666666666666669,0.16666666666666669,0.16666666666666669,0.16666666666666669,0.16666666666666669,0.16666666666666669
82,82.0,82.2,0.16666666666666669,0.16666666666666669,0.16666666666666669,0.16666666666666669,0.16666666666666669,0.16666666666666669
83,83.0,83.3,0.16666666666666669,0.16666666666666669,0.16666666666666669,0.16666666666666669,0.16666666666666669,0.16666666666666669
84,84.0,84.3,0.16666666666666669,0.16666666666666669,0.16666666666666669,0.16666666666666669,0.16666666666666669,0.16666666666666669
85,85.0,85.4,0.16666666666666669,0.16666666666666669,0.16666666666666669,0.16666666666666669,0.16666666666666669,0.16666666666666669
86,86.0,86.5,0.16666666666666669,0.16666666666666669,0.16666666666666669,0.16666666666666669,0.16666666666666669,0.16666666666666669
87,87.0,87.5,0.16666666666666669,0.16666666666666669,0.16666666666666669,0.16666666666666669,0.16666666666666669,0.16666666666666669
88,88.0,88.5,0.16666666666666669,0.16666666666666669,0.16666666666666669,0.16666666666666669,0.16666666666666669,0.16666666666666669
89,89.0,89.5,0.16666666666666669,0.16666666666666669,0.16666666666666669,0.16666666666666669,0.16666666666666669,0.16666666666666669
90,90.0,90.6,0.16666666666666669,0.16666666666666669,0.16666666666666669,0.16666666666666669,0.16666666666666669,0.16666666666666669
91,91.0,91.6,0.16666666666666669,0.16666666666666669,0.16666666666666669,0.16666666666666669,0.16666666666666669,0.16666666666666669
92,92.0,92.6,0.16666666666666669,0.16666666666666669,0.16666666666666669,0.16666666666666669,0.16666666666666669,0.16666666666666669
93,93.0,93.6,0.16666666666666669,0.16666666666666669,0.16666666666666669,0.16666666666666669,0.16666666666666669,0.16666666666666669
94,94.0,94.6,0.16666666666666669,0.16666666666666669,0.16666666666666669,0.16666666666666669,0.16666666666666669,0.16666666666666669
95,95.0,95.6,0.16666666666666669,0.16666666666666669,0.16666666666666669,0.16666666666666669,0.16666666666666669,0.16666666666666669
96,96.0,96.6,0.16666666666666669,0.16666666666666669,0.16666666666666669,0.16666666666666669,0.16666666666666669,0.16666666666666669
97,97.0,97.6,0.16666666666666669,0.16666666666666669,0.16666666666666669,0.16666666666666669,0.16666666666666669,0.16666666666666669
98,98.0,98.6,0.16666666666666669,0.16666666666666669,0.16666666666666669,0.16666666666666669,0.16666666666666669,0.16666666666666669
99,99.0,99.6,0.16666666666666669,0.16666666666666669,0.16666666666666669,0.16666666666666669,0.16666666666666669,0.16666666666666669
100,100.0,100.6,0.16666666666666669,0.16666666666666669,0.16666666666666669,0.16666666666666669,0.16666666666666669,0.16666666666666669
101,101.0,101.6,0.16666666666666669,0.16666666666666669,0.16666666666666669,0.16666666666666669,0.16666666666666669,0.16666666666666669
102,102.0,102.6,0.16666666666666669,0.16666666666666669,0.16666666666666669,0.16666666666666669,0.16666666666666669,0.16666666666666669
103,103.0,103.6,0.16666666666666669,0.16666666666666669,0.16666666666666669,0.16666666666666669,0.16666666666666669,0.16666666666666669
104,104.0,104.6,0.16666666666666669,0.16666666666666669,0.16666666666666669,0.16666666666666669,0.16666666666666669,0.16666666666666669
105,105.0,105.6,0.16666666666666669,0.16666666666666669,0.16666666666666669,0.16666666666666669,0.16666666666666669,0.16666666666666669
106,106.0,106.6,0.16666666666666669,0.16666666666666669,0.16666666666666669,0.16666666666666669,0.16666666666666669,0.16666666666666669
107,107.0,107.6,0.16666666666666669,0.16666666666666669,0.16666666666666669,0.16666666666666669,0.16666666666666669,0.16666666666666669
108,108.0,108.6,0.16666666666666669,0.16666666666666669,0.16666666666666669,0.16666666666666669,0.16666666666666669,0.16666666666666669
109,109.0,109.6,0.16666666666666669,0.16666666666666669,0.16666666666666669,0.16666666666666669,0.16666666666666669,0.16666666666666669
110,110.0,110.6,0.16666666666666669,0.16666666666666669,0.16666666666666669,0.16666666666666669,0.16666666666666669,0.16666666666666669
111,111.0,111.6,0.16666666666666669,0.16666666666666669,0.16666666666666669,0.16666666666666669,0.16666666666666669,0.16666666666666669
112,112.0,112.6,0.16666666666666669,0.16666666666666669,0.16666666666666669,0.16666666666666669,0.16666666666666669,0.16666666666666669
113,113.0,113.6,0.16666666666666669,0.16666666666666669,0.16666666666666669,0.16666666666666669,0.16666666666666669,0.16666666666666669
114,114.0,114.6,0.16666666666666669,0.16666666666666669,0.16666666666666669,0.16666666666666669,0.16666666666666669,0.16666666666666669
115,115.0,115.6,0.16666666666666669,0.16666666666666669,0.16666666666666669,0.16666666666666669,0.16666666666666669,0.16666666666666669
116,116.0,116.6,0.16666666666666669,0.16666666666666669,0.16666666666666669,0.16666666666666669,0.16666666666666669,0.16666666666666669
117,117.0,117.6,0.16666666666666669,0.16666666666666669,0.16666666666666669,0.16666666666666669,0.16666666666666669,0.16666666666666669
118,118.0,118.6,0.16666666666666669,0.16666666666666669,0.16666666666666669,0.16666666666666669,0.16666666666666669,0.16666666666666669
119,119.0,119.6,0.16666666666666669,0.16666666666666669,0.16666666666666669,0.16666666666666669,0.16666666666666669,0.16666666666666669
120,120.0,120.6,0.16666666666666669,0.16666666666666669,0.16666666666666669,0.16666666666666669,0.16666666666666669,0.16666666666666669
121,121.0,121.6,0.16666666666666669,0.16666666666666669,0.16666666666666669,0.16666666666666669,0.16666666666666669,0.16666666666666669
122,122.0,122.6,0.16666666666666669,0.16666666666666669,0.16666666666666669,0.16666666666666669,0.16666666666666669,0.16666666666666669
123,123.0,123.6,0.16666666666666669,0.16666666666666669,0.16666666666666669,0.16666666666666669,0.16666666666666669,0.16666666666666669
124,124.0,124.6,0.16666666666666669,0.16666666666666669,0.16666666666666669,0.16666666666666669,0.16666666666666669,0.16666666666666669
125,125.0,125.6,0.16666666666666669,0.16666666666666669,0.16666666666666669,0.16666666666666669,0.16666666666666669,0.16666666666666669
126,126.0,126.6,0.16666666666666669,0.16666666666666669,0.16666666666666669,0.16666666666666669,0.16666666666666669,0.16666666666666669
127,127.0,127.6,0.16666666666666669,0.16666666666666669,0.16666666666666669,0.16666666666666669,0.16666666666666669,0.16666666666666669
128,128.0,128.6,0.16666666666666669,0.16666666666666669,0.16666666666666669,0.16666666666666669,0.16666666666666669,0.16666666666666669
129,129.0,129.6,0.16666666666666669,0.16666666666666669,0.16666666666666669,0.16666666666666669,0.16666666666666669,0.16666666666666669
130,130.0,130.6,0.16666666666666669,0.16666666666666669,0.16666666666666669,0.16666666666666669,0.16666666666666669,0.16666666666666669
131,131.0,131.6,0.16666666666666669,0.16666666666666669,0.16666666666666669,0.16666666666666669,0.16666666666666669,0.16666666666666669
132,132.0,132.6,0.16666666666666669,0.16666666666666669,0.16666666666666669,0.16666666666666669,0.16666666666666669,0.16666666666666669
133,133.0,133.6,0.16666666666666669,0.16666666666666669,0.16666666666666669,0.16666666666666669,0.16666666666666669,0.16666666666666669
134,134.0,134.6,0.16666666666666669,0.16666666666666669,0.16666666666666669,0.16666666666666669,0.16666666666666669,0.16666666666666669
135,135.0,135.6,0.16666666666666669,0.16666666666666669,0.16666666666666669,0.16666666666666669,0.16666666666666669,0.16666666666666669
136,136.0,136.6,0.16666666666666669,0.16666666666666669,0.16666666666666669,0.16666666666666669,0.16666666666666669,0.16666666666666669
137,137.0,137.6,0.16666666666666669,0.16666666666666669,0.16666666666666669,0.16666666666666669,0.16666666666666669,0.16666666666666669
138,138.0,138.6,0.16666666666666669,0.16666666666666669,0.16666666666666669,0.16666666666666669,0.16666666666666669,0.16666666666666669
139,139.0,139.6,0.16666666666666669,0.16666666666666669,0.16666666666666669,0.16666666666666669,0.16666666666666669,0.16666666666666669
140,140.0,140.6,0.16666666666666669,0.16666666666666669,0.16666666666666669,0.16666666666666669,0.16666666666666669,0.16666666666666669
141,141.0,141.6,0.16666666666666669,0.16666666666666669,0.16666666666666669,0.16666666666666669,0.16666666666666669,0.16666666666666669
142,142.0,142.6,0.16666666666666669,0.16666666666666669,0.16666666666666669,0.16666666666666669,0.16666666666666669,0.16666666666666669
143,143.0,143.6,0.16666666666666669,0.16666666666666669,0.16666666666666669,0.16666666666666669,0.16666666666666669,0.16666666666666669
144,144.0,144.6,0.16666666666666669,0.16666666666666669,0.16666666666666669,0.16666666666666669,0.16666666666666669,0.16666666666666669
145,145.0,145.6,0.16666666666666669,0.16666666666666669,0.16666666666666669,0.16666666666666669,0.16666666666666669,0.16666666666666669
146,146.0,146.6,0.16666666666666669,0.16666666666666669,0.16666666666666669,0.16666666666666669,0.16666666666666669,0.16666666666666669
147,147.0,147.6,0.16666666666666669,0.16666666666666669,0.16666666666666669,0.16666666666666669,0.16666666666666669,0.16666666666666669
148,148.0,148.6,0.16666666666666669,0.16666666666666669,0.16666666666666669,0.16666666666666669,0.16666666666666669,0.16666666666666669
149,149.0,149.6,0.16666666666666669,0.16666666666666669,0.16666666666666669,0.16666666666666669,0.16666666666666669,0.16666666666666669
150,150.0,150.6,0.16666666666666669,0.16666666666666669,0.16666666666666669,0.16666666666666669,0.16666666666666669,0.16666666666666669
151,151.0,151.6,0.16666666666666669,0.16666666666666669,0.16666666666666669,0.16666666666666669,0.16666666666666669,0.16666666666666669
152,152.0,152.6,0.16666666666666669,0.16666666666666669,0.16666666666666669,0.16666666666666669,0.16666666666666669,0.16666666666666669
153,153.0,153.6,0.16666666666666669,0.16666666666666669,0.16666666666666669,0.16666666666666669,0.16666666666666669,0.16666666666666669
154,154.0,154.6,0.16666666666666669,0.16666666666666669,0.16666666666666669,0.16666666666666669,0.16666666666666669,0.16666666666666669
155,155.0,155.6,0.16666666666666669,0.16666666666666669,0.16666666666666669,0.16666666666666669,0.16666666666666669,0.16666666666666669
156,156.0,156.6,0.16666666666666669,0.16666666666666669,0.16666666666666669,0.16666666666666669,0.16666666666666669,0.16666666666666669
157,157.0,157.6,0.16666666666666669,0.16666666666666669,0.16666666666666669,0.16666666666666669,0.16666666666666669,0.16666666666666669
158,158.0,158.6,0.16666666666666669,0.16666666666666669,0.16666666666666669,0.16666666666666669,0.16666666666666669,0.16666666666666669
159,159.0,159.6,0.16666666666666669,0.16666666666666669,0.16666666666666669,0.16666666666666669,0.16666666666666669,0.16666666666666669
160,160.0,160.6,0.16666666666666669,0.16666666666666669,0.16666666666666669,0.16666666666666669,0.16666666666666669,0.16666666666666669
161,161.0,161.6,0.16666666666666669,0.16666666666666669,0.16666666666666669,0.16666666666666669,0.16666666666666669,0.16666666666666669
162,162.0,162.6,0.16666666666666669,0.16666666666666669,0.16666666666666669,0.16666666666666669,0.16666666666666669,0.16666666666666669
163,163.0,163.6,0.16666666666666669,0.16666666666666669,0.16666666666666669,0.16666666666666669,0.16666666666666669,0.16666666666666669
164,164.0,164.6,0.16666666666666669,0.16666666666666669,0.16666666666666669,0.16666666666666669,0.16666666666666669,0.16666666666666669
165,165.0,165.6,0.16666666666666669,0.16666666666666669,0.16666666666666669,0.16666666666666669,0.16666666666666669,0.16666666666666669
166,166.0,166.6,0.16666666666666669,0.16666666666666669,0.16666666666666669,0.16666666666666669,0.16666666666666669,0.16666666666666669
167,167.0,167.6,0.16666666666666669,0.16666666666666669,0.16666666666666669,0.16666666666666669,0.16666666666666669,0.16666666666666669
168,168.0,168.6,0.16666666666666669,0.16666666666666669,0.16666666666666669,0.16666666666666669,0.16666666666666669,0.16666666666666669
169,169.0,169.6,0.16666666666666669,0.16666666666666669,0.16666666666666669,0.16666666666666669,0.16666666666666669,0.16666666666666669
170,170.0,170.6,0.16666666666666669,0.16666666666666669,0.16666666666666669,0.16666666666666669,0.16666666666666669,0.16666666666666669
171,171.0,171.6,0.16666666666666669,0.16666666666666669,0.16666666666666669,0.16666666666666669,0.16666666666666669,0.16666666666666669
172,172.0,172.6,0.16666666666666669,0.16666666666666669,0.16666666666666669,0.16666666666666669,0.16666666666666669,0.16666666666666669
173,173.0,173.6,0.16666666666666669,0.16666666666666669,0.16666666666666669,0.16666666666666669,0.16666666666666669,0.16666666666666669
174,174.0,174.6,0.16666666666666669,0.16666666666666669,0.16666666666666669,0.16666666666666669,0.16666666666666669,0.16666666666666669
175,175.0,175.6,0.16666666666666669,0.16666666666666669,0.16666666666666669,0.16666666666666669,0.16666666666666669,0.16666666666666669
176,176.0,176.6,0.16666666666666669,0.16666666666666669,0.16666666666666669,0.16666666666666669,0.16666666666666669,0.16666666666666669
177,177.0,177.6,0.16666666666666669,0.16666666666666669,0.16666666666666669,0.16666666666666669,0.16666666666666669,0.16666666666666669
178,178.0,178.6,0.16666666666666669,0.16666666666666669,0.16666666666666669,0.16666666666666669,0.16666666666666669,0.16666666666666669
179,179.0,179.6,0.16666666666666669,0.16666666666666669,0.16666666666666669,0.16666666666666669,0.16666666666666669,0.16666666666666669
180,180.0,180.6,0.16666666666666669,0.16666666666666669,0.16666666666666669,0.16666666666666669,0.16666666666666669,0.16666666666666669
181,181.0,181.6,0.16666666666666669,0.16666666666666669,0.16666666666666669,0.16666666666666669,0.16666666666666669,0.16666666666666669
182,182.0,182.6,0.16666666666666669,0.16666666666666669,0.16666666666666669,0.16666666666666669,0.16666666666666669,0.16666666666666669
183,183.0,183.7,0.16666666666666669,0.16666666666666669,0.16666666666666669,0.16666666666666669,0.16666666666666669,0.16666666666666669
184,184.0,184.7,0.16666666666666669,0.16666666666666669,0.16666666666666669,0.16666666666666669,0.16666666666666669,0.16666666666666669
185,185.0,185.7,0.16666666666666669,0.16666666666666669,0.16666666666666669,0.16666666666666669,0.16666666666666669,0.16666666666666669
186,186.0,186.7,0.16666666666666669,0.16666666666666669,0.16666666666666669,0.16666666666666669,0.16666666666666669,0.16666666666666669
187,187.0,187.7,0.16666666666666669,0.16666666666666669,0.16666666666666669,0.16666666666666669,0.16666666666666669,0.16666666666666669
188,188.0,188.7,0.16666666666666669,0.16666666666666669,0.16666666666666669,0.16666666666666669,0.16666666666666669,0.16666666666666669
189,189.0,189.7,0.16666666666666669,0.16666666666666669,0.16666666666666669,0.16666666666666669,0.16666666666666669,0.16666666666666669
190,190.0,190.7,0.16666666666666669,0.16666666666666669,0.16666666666666669,0.16666666666666669,0.16666666666666669,0.16666666666666669
191,191.0,191.7,0.16666666666666669,0.16666666666666669,0.16666666666666669,0.16666666666666669,0.16666666666666669,0.16666666666666669
192,192.0,192.7,0.16666666666666669,0.16666666666666669,0.16666666666666669,0.16666666666666669,0.16666666666666669,0.16666666666666669
193,193.0,193.7,0.16666666666666669,0.16666666666666669,0.16666666666666669,0.16666666666666669,0.16666666666666669,0.16666666666666669
194,194.0,194.7,0.16666666666666669,0.16666666666666669,0.16666666666666669,0.16666666666666669,0.16666666666666669,0.16666666666666669
195,195.0,195.7,0.16666666666666669,0.16666666666666669,0.16666666666666669,0.16666666666666669,0.16666666666666669,0.16666666666666669
196,196.0,196.7,0.16666666666666669,0.16666666666666669,0.16666666666666669,0.16666666666666669,0.16666666666666669,0.16666666666666669
197,197.0,197.7,0.16666666666666669,0.16666666666666669,0.16666666666666669,0.16666666666666669,0.16666666666666669,0.16666666666666669
198,198.0,198.7,0.16666666666666669,0.16666666666666669,0.16666666666666669,0.16666666666666669,0.16666666666666669,0.16666666666666669
199,199.0,199.7,0.1642857142857143,0.1642857142857143,0.1642857142857143,0.1642857142857143,0.1642857142857143,0.1785714285714286
200,200.0,200.7,0.15952380952380957,0.17380952380952383,0.15952380952380957,0.17380952380952383,0.15952380952380957,0.17380952380952383
201,201.0,201.7,0.15595238095238098,0.16845238095238096,0.18095238095238098,0.17023809523809524,0.15595238095238098,0.16845238095238096
202,202.0,202.7,0.1521825396825397,0.16329365079365082,0.19007936507936513,0.166468253968254,0.16329365079365082,0.1646825396825397
203,203.0,203.7,0.1486111111111111,0.15972222222222224,0.20972222222222223,0.16111111111111112,0.15972222222222224,0.16111111111111112
204,204.0,204.7,0.14722222222222223,0.16944444444444445,0.19444444444444448,0.15972222222222224,0.15833333333333335,0.17083333333333334
205,205.0,205.7,0.14722222222222223,0.16944444444444445,0.19444444444444448,0.15972222222222224,0.15833333333333335,0.17083333333333334
206,206.0,206.7,0.14373015873015876,0.16595238095238096,0.19051587301587306,0.16873015873015879,0.15484126984126986,0.17623015873015874
207,207.0,207.7,0.1410353535353535,0.16325757575757577,0.1967171717171717,0.16603535353535354,0.15214646464646464,0.1808080808080808
208,208.0,208.7,0.13726551226551226,0.18488455988455987,0.19016955266955266,0.16226551226551225,0.14837662337662336,0.17703823953823955
209,209.0,209.7,0.13726551226551226,0.18488455988455987,0.19016955266955266,0.16226551226551225,0.14837662337662336,0.17703823953823955
210,210.0,210.7,0.14635642135642135,0.18488455988455987,0.19016955266955266,0.16226551226551225,0.14837662337662336,0.16794733044733043
211,211.0,211.7,0.15317460317460316,0.20912698412698413,0.17539682539682538,0.1615079365079365,0.1476190476190476,0.15317460317460316
212,212.0,212.7,0.15317460317460313,0.19662698412698415,0.17817460317460315,0.17123015873015873,0.1476190476190476,0.15317460317460313
213,213.0,213.7,0.15079365079365076,0.19424603174603172,0.20119047619047623,0.16884920634920633,0.1341269841269841,0.15079365079365076
214,214.0,214.7,0.15079365079365076,0.17996031746031743,0.21547619047619052,0.16884920634920633,0.1341269841269841,0.15079365079365076
215,215.0,215.7,0.1632936507936508,0.1591269841269841,0.2251984126984127,0.17301587301587298,0.135515873015873,0.14384920634920634
216,216.0,216.7,0.15958485958485957,0.16920024420024418,0.22675518925518925,0.17058913308913307,0.1330891330891331,0.14078144078144078
217,217.0,217.7,0.16791819291819293,0.16503357753357753,0.23369963369963367,0.16503357753357753,0.1303113553113553,0.13800366300366299
218,218.0,218.7,0.16694444444444442,0.15154761904761901,0.24654761904761902,0.16694444444444445,0.1304365079365079,0.13757936507936508
219,219.0,219.7,0.16424963924963923,0.16044372294372294,0.24112554112554113,0.17155483405483404,0.1277417027417027,0.13488455988455988
220,220.0,220.7,0.1746031746031746,0.15892857142857142,0.22698412698412698,0.17003968253968255,0.12698412698412695,0.14246031746031745
221,221.0,221.7,0.16349206349206347,0.1464285714285714,0.22698412698412698,0.19365079365079366,0.12698412698412695,0.14246031746031745
222,222.0,222.7,0.16349206349206347,0.1464285714285714,0.22698412698412698,0.19365079365079366,0.12698412698412695,0.14246031746031745
223,223.0,223.7,0.14633699633699632,0.14697802197802196,0.23028083028083027,0.20531135531135533,0.12753357753357752,0.14355921855921855
224,224.0,224.7,0.15238095238095237,0.1464285714285714,0.22698412698412698,0.20476190476190478,0.12698412698412695,0.14246031746031745
225,225.0,225.7,0.15238095238095237,0.1464285714285714,0.22698412698412698,0.20476190476190478,0.12698412698412695,0.14246031746031745
226,226.0,226.7,0.1498809523809524,0.15503968253968253,0.23448412698412696,0.19615079365079363,0.12448412698412696,0.13996031746031745
227,227.0,227.7,0.1498809523809524,0.15503968253968253,0.23448412698412696,0.19615079365079363,0.12448412698412696,0.13996031746031745
228,228.0,228.7,0.1498809523809524,0.15503968253968253,0.23448412698412696,0.19615079365079363,0.12448412698412696,0.13996031746031745
229,229.0,229.7,0.15234126984126983,0.15400793650793648,0.24218253968253967,0.19400793650793652,0.12456349206349207,0.1328968253968254
230,230.0,230.7,0.15143217893217892,0.1530988455988456,0.23945526695526692,0.20037157287157287,0.12365440115440116,0.1319877344877345
231,231.0,231.7,0.15052308802308803,0.1512806637806638,0.2476370851370851,0.19673520923520926,0.12274531024531025,0.13107864357864357
232,232.0,232.7,0.14976551226551227,0.15052308802308803,0.24536435786435784,0.1937049062049062,0.13032106782106784,0.13032106782106784
233,233.0,233.7,0.14976551226551227,0.15052308802308803,0.24536435786435784,0.1937049062049062,0.13032106782106784,0.13032106782106784
234,234.0,234.7,0.15203823953823953,0.1512806637806638,0.23097041847041844,0.2027958152958153,0.13183621933621933,0.13107864357864357
235,235.0,235.7,0.14118797868797867,0.14194555444555443,0.24597485847485845,0.2051823176823177,0.13285464535464536,0.13285464535464536
236,236.0,236.7,0.13692973692973692,0.16809024309024312,0.2251415251415251,0.19822261072261074,0.12923742923742923,0.14237845487845485
237,237.0,237.7,0.1330194805194805,0.1696103896103896,0.22591991341991338,0.20600649350649353,0.12587662337662336,0.13956709956709956
238,238.0,238.7,0.1330194805194805,0.1696103896103896,0.22591991341991338,0.20600649350649353,0.12587662337662336,0.13956709956709956
239,239.0,239.7,0.132979797979798,0.18345959595959596,0.20040404040404042,0.2135858585858586,0.12631313131313132,0.14325757575757575
240,240.0,240.7,0.12990440115440116,0.17010642135642134,0.18816197691197692,0.2218795093795094,0.12365440115440116,0.16629329004329005
241,241.0,241.7,0.12769034886681946,0.16678125795772855,0.18521263050674816,0.23003310415075123,0.121807995925643,0.16847466259230967
242,242.0,242.7,0.12349121466768524,0.15985485103132163,0.20348102877514643,0.22401578813343517,0.12669977081741787,0.16245734657499364
243,243.0,243.7,0.12094792462439521,0.15579640947288007,0.2251368729309906,0.2240482556659027,0.12415648077412784,0.1499140565317036
244,244.0,244.7,0.12094792462439521,0.15579640947288007,0.2251368729309906,0.2240482556659027,0.12415648077412784,0.1499140565317036
245,245.0,245.7,0.12094792462439521,0.16246307613954675,0.2251368729309906,0.21738158899923604,0.12415648077412784,0.1499140565317036
246,246.0,246.7,0.13523363891010948,0.16246307613954675,0.2251368729309906,0.20309587471352178,0.12415648077412784,0.1499140565317036
247,247.0,247.7,0.13825757575757575,0.1802056277056277,0.19675324675324674,0.19695887445887447,0.13766233766233765,0.15016233766233764
248,248.0,248.7,0.1367038517038517,0.18553835053835052,0.20730269730269732,0.1885736485736486,0.13407869907869907,0.1478027528027528
249,249.0,249.7,0.13615440115440114,0.18334054834054833,0.2138961038961039,0.1874747474747475,0.13297979797979798,0.14615440115440112
250,250.0,250.7,0.13597125097125096,0.18425629925629924,0.2148118548118548,0.1883904983904984,0.12949994449994448,0.14707015207015203
251,251.0,251.7,0.13708236208236207,0.18536741036741036,0.21592296592296592,0.17061272061272062,0.1306110556110556,0.16040348540348537
252,252.0,252.7,0.14597125097125097,0.19139915639915642,0.2137129537129537,0.16234654234654236,0.12949994449994448,0.15707015207015204
253,253.0,253.7,0.14415306915306914,0.19049006549006547,0.22189477189477191,0.16052836052836056,0.1285908535908536,0.15434287934287932
254,254.0,254.7,0.14257797757797758,0.18906149406149406,0.23791430791430793,0.16005217005217007,0.11700355200355199,0.15339049839049837
255,255.0,255.7,0.14105019980019978,0.18670038295038294,0.24680319680319682,0.1585243922743923,0.11547577422577422,0.15144605394605393
256,256.0,256.7,0.14906479390175043,0.18560017880670057,0.24315358554488992,0.1574122435535479,0.11442334839073968,0.15034584980237153
257,257.0,257.7,0.14906479390175043,0.18560017880670057,0.2369035855448899,0.16366224355354791,0.11442334839073968,0.15034584980237153
258,258.0,258.7,0.15051532866110873,0.18649328506106,0.2170573288603979,0.16365817473234354,0.13405570133191616,0.14822018135317366
259,259.0,259.7,0.14820672159381837,0.18440511101801424,0.21921752083042406,0.16099939487036263,0.14193664758180888,0.14523460410557185
260,260.0,260.7,0.14301191639901317,0.18440511101801424,0.22441232602522926,0.16099939487036263,0.14193664758180888,0.14523460410557185
261,261.0,261.7,0.14301191639901317,0.18996066657356983,0.2188567704696737,0.16099939487036263,0.14193664758180888,0.14523460410557185
262,262.0,262.7,0.14896429735139413,0.1792463808592841,0.21409486570776895,0.15861844248941023,0.14788902853418984,0.1511869850579528
263,263.0,263.7,0.14717858306567985,0.17746066657356982,0.22302343713634035,0.15683272820369595,0.14610331424847556,0.14940127077223853
264,264.0,264.7,0.14717858306567985,0.17746066657356982,0.22302343713634035,0.15683272820369595,0.14610331424847556,0.14940127077223853
265,265.0,265.7,0.1371919746919747,0.1854020979020979,0.2285839160839161,0.1611790986790987,0.14213702963702965,0.14550588300588302
266,266.0,266.7,0.13591363950059604,0.19517488550097245,0.22393641382771817,0.1598768743333961,0.1408825835999749,0.1442156032373424
267,267.0,267.7,0.13575001163710845,0.19496450681934555,0.2237377228506261,0.16076513987804314,0.14074233114555698,0.14404028766931995
268,268.0,268.7,0.1355898652175248,0.19475860427988087,0.22460708912836574,0.16057067636854874,0.14060506278591386,0.14386870221976605
269,269.0,269.7,0.12032410571884258,0.19657723855092277,0.23046612743981165,0.16240050884787732,0.1445110883268778,0.14572093111566797
270,270.0,270.7,0.1238594592541961,0.18344592541960963,0.21884996582365007,0.16947121591858438,0.15713735095314044,0.1472360826308195
271,271.0,271.7,0.12183925723399407,0.18051663249031674,0.23097117794486216,0.16745101389838232,0.15400603782182729,0.14521588061061746
272,272.0,272.7,0.1201725905673274,0.1780923900660743,0.24097117794486217,0.16578434723171567,0.15143028024606972,0.1435492139439508
273,273.0,273.7,0.11899699762602989,0.1769847088395476,0.24257610668900992,0.16389645300935624,0.15592968859097892,0.1416160452450775
274,274.0,274.7,0.11899699762602989,0.1769847088395476,0.24257610668900992,0.16389645300935624,0.15592968859097892,0.1416160452450775
275,275.0,275.7,0.11835597198500425,0.18403599089082961,0.23872995284285609,0.1632554273683306,0.15464763730892764,0.14097501960405187
276,276.0,276.7,0.11835597198500425,0.18403599089082961,0.23872995284285609,0.1632554273683306,0.15464763730892764,0.14097501960405187
277,277.0,277.7,0.11744433103128755,0.18424636957245655,0.23784168729820906,0.16454107486716182,0.15477620205881076,0.14115033517207431
278,278.0,278.7,0.11744433103128755,0.18424636957245655,0.23784168729820906,0.16454107486716182,0.15477620205881076,0.14115033517207431
279,279.0,279.7,0.11744433103128755,0.18424636957245655,0.23784168729820906,0.16454107486716182,0.15477620205881076,0.14115033517207431
280,280.0,280.7,0.11176251284946936,0.18765546048154746,0.24125077820729998,0.17135925668534363,0.15250347478608348,0.13546851699025614
281,281.0,281.7,0.11176251284946936,0.18765546048154746,0.24125077820729998,0.17135925668534363,0.15250347478608348,0.13546851699025614
282,282.0,282.7,0.11414346523042176,0.20253641286249985,0.2376793496358714,0.1654068757329627,0.1382177605003692,0.14201613603787516
283,283.0,283.7,0.1397844908714474,0.21909624192232885,0.19846994792646966,0.16743679026287722,0.13255536733797604,0.1426571616789008
284,284.0,284.7,0.13700671309366963,0.22742957525566218,0.19708105903758077,0.16604790137398834,0.13116647844908716,0.14126827279001192
285,285.0,285.7,0.1447844908714474,0.22409624192232885,0.19596994792646966,0.16493679026287725,0.11755536733797603,0.1526571616789008
286,286.0,286.7,0.14066832925528577,0.23109119141727835,0.18256085701737876,0.17034083066691763,0.11525738753999623,0.16008140410314323
287,287.0,287.7,0.14066832925528577,0.23109119141727835,0.18256085701737876,0.17034083066691763,0.11525738753999623,0.16008140410314323
288,288.0,288.7,0.14586313445009097,0.22632928665537358,0.17462434908087082,0.17351543384152082,0.12752289980550852,0.1521448961666353
289,289.0,289.7,0.14434798293493947,0.22405655938264632,0.17386677332329506,0.18033361565970263,0.126007748290357,0.15138732040905953
290,290.0,290.7,0.14434798293493947,0.22405655938264632,0.17386677332329506,0.18033361565970263,0.126007748290357,0.15138732040905953
291,291.0,291.7,0.14712576071271724,0.23794544827153521,0.17525566221218397,0.1817225045485915,0.12739663717924588,0.1305539870757262
292,292.0,292.7,0.1387924273793839,0.24627878160486852,0.17525566221218397,0.1817225045485915,0.12739663717924588,0.1305539870757262
293,293.0,293.7,0.1302148938018503,0.2500638853899723,0.1777892397457615,0.17186291968900663,0.13698149676410548,0.13308756460930377
294,294.0,294.7,0.1302148938018503,0.22149245681854374,0.19207495403147576,0.18614863397472092,0.13698149676410548,0.13308756460930377
295,295.0,295.7,0.14473509582205232,0.2209693687954557,0.19393281838934012,0.1698246801507671,0.1372159844985932,0.13332205234379146
