Total_iterations,Unnamed: 0.1,Intertwine_two,Add_vertex,Delete_vertex,Invert_path_vertices,Insert_inside_vertex,Delete_inside_vertex
0,0.0,0.1666666666666666,0.1666666666666666,0.1666666666666666,0.1666666666666666,0.1666666666666666,0.1666666666666666
1,1.0,0.1666666666666666,0.1666666666666666,0.1666666666666666,0.1666666666666666,0.1666666666666666,0.1666666666666666
2,2.0,0.1666666666666666,0.1666666666666666,0.1666666666666666,0.1666666666666666,0.1666666666666666,0.1666666666666666
3,3.0,0.1666666666666666,0.1666666666666666,0.1666666666666666,0.1666666666666666,0.1666666666666666,0.1666666666666666
4,4.0,0.1666666666666666,0.1666666666666666,0.1666666666666666,0.1666666666666666,0.1666666666666666,0.1666666666666666
5,5.0,0.1666666666666666,0.1666666666666666,0.1666666666666666,0.1666666666666666,0.1666666666666666,0.1666666666666666
6,6.0,0.1666666666666666,0.1666666666666666,0.1666666666666666,0.1666666666666666,0.1666666666666666,0.1666666666666666
7,7.0,0.1666666666666666,0.1666666666666666,0.1666666666666666,0.1666666666666666,0.1666666666666666,0.1666666666666666
8,8.0,0.1666666666666666,0.1666666666666666,0.1666666666666666,0.1666666666666666,0.1666666666666666,0.1666666666666666
9,9.0,0.1666666666666666,0.1666666666666666,0.1666666666666666,0.1666666666666666,0.1666666666666666,0.1666666666666666
10,10.0,0.1666666666666666,0.1666666666666666,0.1666666666666666,0.1666666666666666,0.1666666666666666,0.1666666666666666
11,11.0,0.1666666666666666,0.1666666666666666,0.1666666666666666,0.1666666666666666,0.1666666666666666,0.1666666666666666
12,12.0,0.1666666666666666,0.1666666666666666,0.1666666666666666,0.1666666666666666,0.1666666666666666,0.1666666666666666
13,13.0,0.1666666666666666,0.1666666666666666,0.1666666666666666,0.1666666666666666,0.1666666666666666,0.1666666666666666
14,14.0,0.1666666666666666,0.1666666666666666,0.1666666666666666,0.1666666666666666,0.1666666666666666,0.1666666666666666
15,15.0,0.1666666666666666,0.1666666666666666,0.1666666666666666,0.1666666666666666,0.1666666666666666,0.1666666666666666
16,16.0,0.1666666666666666,0.1666666666666666,0.1666666666666666,0.1666666666666666,0.1666666666666666,0.1666666666666666
17,17.0,0.1666666666666666,0.1666666666666666,0.1666666666666666,0.1666666666666666,0.1666666666666666,0.1666666666666666
18,18.0,0.1666666666666666,0.1666666666666666,0.1666666666666666,0.1666666666666666,0.1666666666666666,0.1666666666666666
19,19.0,0.1666666666666666,0.1666666666666666,0.1666666666666666,0.1666666666666666,0.1666666666666666,0.1666666666666666
20,20.0,0.1666666666666666,0.1666666666666666,0.1666666666666666,0.1666666666666666,0.1666666666666666,0.1666666666666666
21,21.0,0.1666666666666666,0.1666666666666666,0.1666666666666666,0.1666666666666666,0.1666666666666666,0.1666666666666666
22,22.0,0.1666666666666666,0.1666666666666666,0.1666666666666666,0.1666666666666666,0.1666666666666666,0.1666666666666666
23,23.0,0.1666666666666666,0.1666666666666666,0.1666666666666666,0.1666666666666666,0.1666666666666666,0.1666666666666666
24,24.0,0.1666666666666666,0.1666666666666666,0.1666666666666666,0.1666666666666666,0.1666666666666666,0.1666666666666666
25,25.0,0.1666666666666666,0.1666666666666666,0.1666666666666666,0.1666666666666666,0.1666666666666666,0.1666666666666666
26,26.0,0.1666666666666666,0.1666666666666666,0.1666666666666666,0.1666666666666666,0.1666666666666666,0.1666666666666666
27,27.0,0.1666666666666666,0.1666666666666666,0.1666666666666666,0.1666666666666666,0.1666666666666666,0.1666666666666666
28,28.0,0.1666666666666666,0.1666666666666666,0.1666666666666666,0.1666666666666666,0.1666666666666666,0.1666666666666666
29,29.0,0.1666666666666666,0.1666666666666666,0.1666666666666666,0.1666666666666666,0.1666666666666666,0.1666666666666666
30,30.0,0.1666666666666666,0.1666666666666666,0.1666666666666666,0.1666666666666666,0.1666666666666666,0.1666666666666666
31,31.0,0.1666666666666666,0.1666666666666666,0.1666666666666666,0.1666666666666666,0.1666666666666666,0.1666666666666666
32,32.0,0.1666666666666666,0.1666666666666666,0.1666666666666666,0.1666666666666666,0.1666666666666666,0.1666666666666666
33,33.0,0.1666666666666666,0.1666666666666666,0.1666666666666666,0.1666666666666666,0.1666666666666666,0.1666666666666666
34,34.0,0.1666666666666666,0.1666666666666666,0.1666666666666666,0.1666666666666666,0.1666666666666666,0.1666666666666666
35,35.0,0.1666666666666666,0.1666666666666666,0.1666666666666666,0.1666666666666666,0.1666666666666666,0.1666666666666666
36,36.0,0.1666666666666666,0.1666666666666666,0.1666666666666666,0.1666666666666666,0.1666666666666666,0.1666666666666666
37,37.0,0.1666666666666666,0.1666666666666666,0.1666666666666666,0.1666666666666666,0.1666666666666666,0.1666666666666666
38,38.0,0.1666666666666666,0.1666666666666666,0.1666666666666666,0.1666666666666666,0.1666666666666666,0.1666666666666666
39,39.0,0.1666666666666666,0.1666666666666666,0.1666666666666666,0.1666666666666666,0.1666666666666666,0.1666666666666666
40,40.0,0.1666666666666666,0.1666666666666666,0.1666666666666666,0.1666666666666666,0.1666666666666666,0.1666666666666666
41,41.0,0.1666666666666666,0.1666666666666666,0.1666666666666666,0.1666666666666666,0.1666666666666666,0.1666666666666666
42,42.0,0.1666666666666666,0.1666666666666666,0.1666666666666666,0.1666666666666666,0.1666666666666666,0.1666666666666666
43,43.0,0.1666666666666666,0.1666666666666666,0.1666666666666666,0.1666666666666666,0.1666666666666666,0.1666666666666666
44,44.0,0.1666666666666666,0.1666666666666666,0.1666666666666666,0.1666666666666666,0.1666666666666666,0.1666666666666666
45,45.0,0.1666666666666666,0.1666666666666666,0.1666666666666666,0.1666666666666666,0.1666666666666666,0.1666666666666666
46,46.0,0.1666666666666666,0.1666666666666666,0.1666666666666666,0.1666666666666666,0.1666666666666666,0.1666666666666666
47,47.0,0.1666666666666666,0.1666666666666666,0.1666666666666666,0.1666666666666666,0.1666666666666666,0.1666666666666666
48,48.0,0.1666666666666666,0.1666666666666666,0.1666666666666666,0.1666666666666666,0.1666666666666666,0.1666666666666666
49,49.0,0.1666666666666666,0.1666666666666666,0.1666666666666666,0.1666666666666666,0.1666666666666666,0.1666666666666666
50,50.0,0.1666666666666666,0.1666666666666666,0.1666666666666666,0.1666666666666666,0.1666666666666666,0.1666666666666666
51,51.0,0.1666666666666666,0.1666666666666666,0.1666666666666666,0.1666666666666666,0.1666666666666666,0.1666666666666666
52,52.0,0.1666666666666666,0.1666666666666666,0.1666666666666666,0.1666666666666666,0.1666666666666666,0.1666666666666666
53,53.0,0.1666666666666666,0.1666666666666666,0.1666666666666666,0.1666666666666666,0.1666666666666666,0.1666666666666666
54,54.0,0.1666666666666666,0.1666666666666666,0.1666666666666666,0.1666666666666666,0.1666666666666666,0.1666666666666666
55,55.0,0.1666666666666666,0.1666666666666666,0.1666666666666666,0.1666666666666666,0.1666666666666666,0.1666666666666666
56,56.0,0.1666666666666666,0.1666666666666666,0.1666666666666666,0.1666666666666666,0.1666666666666666,0.1666666666666666
57,57.0,0.1666666666666666,0.1666666666666666,0.1666666666666666,0.1666666666666666,0.1666666666666666,0.1666666666666666
58,58.0,0.1666666666666666,0.1666666666666666,0.1666666666666666,0.1666666666666666,0.1666666666666666,0.1666666666666666
59,59.0,0.1666666666666666,0.1666666666666666,0.1666666666666666,0.1666666666666666,0.1666666666666666,0.1666666666666666
60,60.0,0.1666666666666666,0.1666666666666666,0.1666666666666666,0.1666666666666666,0.1666666666666666,0.1666666666666666
61,61.0,0.1666666666666666,0.1666666666666666,0.1666666666666666,0.1666666666666666,0.1666666666666666,0.1666666666666666
62,62.0,0.1666666666666666,0.1666666666666666,0.1666666666666666,0.1666666666666666,0.1666666666666666,0.1666666666666666
63,63.0,0.1666666666666666,0.1666666666666666,0.1666666666666666,0.1666666666666666,0.1666666666666666,0.1666666666666666
64,64.0,0.1666666666666666,0.1666666666666666,0.1666666666666666,0.1666666666666666,0.1666666666666666,0.1666666666666666
65,65.0,0.1666666666666666,0.1666666666666666,0.1666666666666666,0.1666666666666666,0.1666666666666666,0.1666666666666666
66,66.0,0.1666666666666666,0.1666666666666666,0.1666666666666666,0.1666666666666666,0.1666666666666666,0.1666666666666666
67,67.0,0.1666666666666666,0.1666666666666666,0.1666666666666666,0.1666666666666666,0.1666666666666666,0.1666666666666666
68,68.0,0.1666666666666666,0.1666666666666666,0.1666666666666666,0.1666666666666666,0.1666666666666666,0.1666666666666666
69,69.0,0.1666666666666666,0.1666666666666666,0.1666666666666666,0.1666666666666666,0.1666666666666666,0.1666666666666666
70,70.0,0.1666666666666666,0.1666666666666666,0.1666666666666666,0.1666666666666666,0.1666666666666666,0.1666666666666666
71,71.0,0.1666666666666666,0.1666666666666666,0.1666666666666666,0.1666666666666666,0.1666666666666666,0.1666666666666666
72,72.0,0.1666666666666666,0.1666666666666666,0.1666666666666666,0.1666666666666666,0.1666666666666666,0.1666666666666666
73,73.0,0.1666666666666666,0.1666666666666666,0.1666666666666666,0.1666666666666666,0.1666666666666666,0.1666666666666666
74,74.0,0.1666666666666666,0.1666666666666666,0.1666666666666666,0.1666666666666666,0.1666666666666666,0.1666666666666666
75,75.0,0.1666666666666666,0.1666666666666666,0.1666666666666666,0.1666666666666666,0.1666666666666666,0.1666666666666666
76,76.0,0.1666666666666666,0.1666666666666666,0.1666666666666666,0.1666666666666666,0.1666666666666666,0.1666666666666666
77,77.0,0.1666666666666666,0.1666666666666666,0.1666666666666666,0.1666666666666666,0.1666666666666666,0.1666666666666666
78,78.0,0.1666666666666666,0.1666666666666666,0.1666666666666666,0.1666666666666666,0.1666666666666666,0.1666666666666666
79,79.0,0.1666666666666666,0.1666666666666666,0.1666666666666666,0.1666666666666666,0.1666666666666666,0.1666666666666666
80,80.0,0.1666666666666666,0.1666666666666666,0.1666666666666666,0.1666666666666666,0.1666666666666666,0.1666666666666666
81,81.0,0.1666666666666666,0.1666666666666666,0.1666666666666666,0.1666666666666666,0.1666666666666666,0.1666666666666666
82,82.0,0.1666666666666666,0.1666666666666666,0.1666666666666666,0.1666666666666666,0.1666666666666666,0.1666666666666666
83,83.0,0.1666666666666666,0.1666666666666666,0.1666666666666666,0.1666666666666666,0.1666666666666666,0.1666666666666666
84,84.0,0.1666666666666666,0.1666666666666666,0.1666666666666666,0.1666666666666666,0.1666666666666666,0.1666666666666666
85,85.0,0.1666666666666666,0.1666666666666666,0.1666666666666666,0.1666666666666666,0.1666666666666666,0.1666666666666666
86,86.0,0.1666666666666666,0.1666666666666666,0.1666666666666666,0.1666666666666666,0.1666666666666666,0.1666666666666666
87,87.0,0.1666666666666666,0.1666666666666666,0.1666666666666666,0.1666666666666666,0.1666666666666666,0.1666666666666666
88,88.0,0.1666666666666666,0.1666666666666666,0.1666666666666666,0.1666666666666666,0.1666666666666666,0.1666666666666666
89,89.0,0.1666666666666666,0.1666666666666666,0.1666666666666666,0.1666666666666666,0.1666666666666666,0.1666666666666666
90,90.0,0.1666666666666666,0.1666666666666666,0.1666666666666666,0.1666666666666666,0.1666666666666666,0.1666666666666666
91,91.0,0.1666666666666666,0.1666666666666666,0.1666666666666666,0.1666666666666666,0.1666666666666666,0.1666666666666666
92,92.0,0.1666666666666666,0.1666666666666666,0.1666666666666666,0.1666666666666666,0.1666666666666666,0.1666666666666666
93,93.0,0.1666666666666666,0.1666666666666666,0.1666666666666666,0.1666666666666666,0.1666666666666666,0.1666666666666666
94,94.0,0.1666666666666666,0.1666666666666666,0.1666666666666666,0.1666666666666666,0.1666666666666666,0.1666666666666666
95,95.0,0.1666666666666666,0.1666666666666666,0.1666666666666666,0.1666666666666666,0.1666666666666666,0.1666666666666666
96,96.0,0.1666666666666666,0.1666666666666666,0.1666666666666666,0.1666666666666666,0.1666666666666666,0.1666666666666666
97,97.0,0.1666666666666666,0.1666666666666666,0.1666666666666666,0.1666666666666666,0.1666666666666666,0.1666666666666666
98,98.0,0.1666666666666666,0.1666666666666666,0.1666666666666666,0.1666666666666666,0.1666666666666666,0.1666666666666666
99,99.0,0.1666666666666666,0.1666666666666666,0.1666666666666666,0.1666666666666666,0.1666666666666666,0.1666666666666666
100,100.0,0.1666666666666666,0.1666666666666666,0.1666666666666666,0.1666666666666666,0.1666666666666666,0.1666666666666666
101,101.0,0.1666666666666666,0.1666666666666666,0.1666666666666666,0.1666666666666666,0.1666666666666666,0.1666666666666666
102,102.0,0.1666666666666666,0.1666666666666666,0.1666666666666666,0.1666666666666666,0.1666666666666666,0.1666666666666666
103,103.0,0.1666666666666666,0.1666666666666666,0.1666666666666666,0.1666666666666666,0.1666666666666666,0.1666666666666666
104,104.0,0.1666666666666666,0.1666666666666666,0.1666666666666666,0.1666666666666666,0.1666666666666666,0.1666666666666666
105,105.0,0.1666666666666666,0.1666666666666666,0.1666666666666666,0.1666666666666666,0.1666666666666666,0.1666666666666666
106,106.0,0.1666666666666666,0.1666666666666666,0.1666666666666666,0.1666666666666666,0.1666666666666666,0.1666666666666666
107,107.0,0.1666666666666666,0.1666666666666666,0.1666666666666666,0.1666666666666666,0.1666666666666666,0.1666666666666666
108,108.0,0.1666666666666666,0.1666666666666666,0.1666666666666666,0.1666666666666666,0.1666666666666666,0.1666666666666666
109,109.0,0.1666666666666666,0.1666666666666666,0.1666666666666666,0.1666666666666666,0.1666666666666666,0.1666666666666666
110,110.0,0.1666666666666666,0.1666666666666666,0.1666666666666666,0.1666666666666666,0.1666666666666666,0.1666666666666666
111,111.0,0.1666666666666666,0.1666666666666666,0.1666666666666666,0.1666666666666666,0.1666666666666666,0.1666666666666666
112,112.0,0.1666666666666666,0.1666666666666666,0.1666666666666666,0.1666666666666666,0.1666666666666666,0.1666666666666666
113,113.0,0.1666666666666666,0.1666666666666666,0.1666666666666666,0.1666666666666666,0.1666666666666666,0.1666666666666666
114,114.0,0.1666666666666666,0.1666666666666666,0.1666666666666666,0.1666666666666666,0.1666666666666666,0.1666666666666666
115,115.0,0.1666666666666666,0.1666666666666666,0.1666666666666666,0.1666666666666666,0.1666666666666666,0.1666666666666666
116,116.0,0.1666666666666666,0.1666666666666666,0.1666666666666666,0.1666666666666666,0.1666666666666666,0.1666666666666666
117,117.0,0.1666666666666666,0.1666666666666666,0.1666666666666666,0.1666666666666666,0.1666666666666666,0.1666666666666666
118,118.0,0.1666666666666666,0.1666666666666666,0.1666666666666666,0.1666666666666666,0.1666666666666666,0.1666666666666666
119,119.0,0.1666666666666666,0.1666666666666666,0.1666666666666666,0.1666666666666666,0.1666666666666666,0.1666666666666666
120,120.0,0.1666666666666666,0.1666666666666666,0.1666666666666666,0.1666666666666666,0.1666666666666666,0.1666666666666666
121,121.0,0.1666666666666666,0.1666666666666666,0.1666666666666666,0.1666666666666666,0.1666666666666666,0.1666666666666666
122,122.0,0.1666666666666666,0.1666666666666666,0.1666666666666666,0.1666666666666666,0.1666666666666666,0.1666666666666666
123,123.0,0.1666666666666666,0.1666666666666666,0.1666666666666666,0.1666666666666666,0.1666666666666666,0.1666666666666666
124,124.0,0.1666666666666666,0.1666666666666666,0.1666666666666666,0.1666666666666666,0.1666666666666666,0.1666666666666666
125,125.0,0.1666666666666666,0.1666666666666666,0.1666666666666666,0.1666666666666666,0.1666666666666666,0.1666666666666666
126,126.0,0.1666666666666666,0.1666666666666666,0.1666666666666666,0.1666666666666666,0.1666666666666666,0.1666666666666666
127,127.0,0.1666666666666666,0.1666666666666666,0.1666666666666666,0.1666666666666666,0.1666666666666666,0.1666666666666666
128,128.0,0.1666666666666666,0.1666666666666666,0.1666666666666666,0.1666666666666666,0.1666666666666666,0.1666666666666666
129,129.0,0.1666666666666666,0.1666666666666666,0.1666666666666666,0.1666666666666666,0.1666666666666666,0.1666666666666666
130,130.0,0.1666666666666666,0.1666666666666666,0.1666666666666666,0.1666666666666666,0.1666666666666666,0.1666666666666666
131,131.0,0.1666666666666666,0.1666666666666666,0.1666666666666666,0.1666666666666666,0.1666666666666666,0.1666666666666666
132,132.0,0.1666666666666666,0.1666666666666666,0.1666666666666666,0.1666666666666666,0.1666666666666666,0.1666666666666666
133,133.0,0.1666666666666666,0.1666666666666666,0.1666666666666666,0.1666666666666666,0.1666666666666666,0.1666666666666666
134,134.0,0.1666666666666666,0.1666666666666666,0.1666666666666666,0.1666666666666666,0.1666666666666666,0.1666666666666666
135,135.0,0.1666666666666666,0.1666666666666666,0.1666666666666666,0.1666666666666666,0.1666666666666666,0.1666666666666666
136,136.0,0.1666666666666666,0.1666666666666666,0.1666666666666666,0.1666666666666666,0.1666666666666666,0.1666666666666666
137,137.0,0.1666666666666666,0.1666666666666666,0.1666666666666666,0.1666666666666666,0.1666666666666666,0.1666666666666666
138,138.0,0.1666666666666666,0.1666666666666666,0.1666666666666666,0.1666666666666666,0.1666666666666666,0.1666666666666666
139,139.0,0.1666666666666666,0.1666666666666666,0.1666666666666666,0.1666666666666666,0.1666666666666666,0.1666666666666666
140,140.0,0.1666666666666666,0.1666666666666666,0.1666666666666666,0.1666666666666666,0.1666666666666666,0.1666666666666666
141,141.0,0.1666666666666666,0.1666666666666666,0.1666666666666666,0.1666666666666666,0.1666666666666666,0.1666666666666666
142,142.0,0.1666666666666666,0.1666666666666666,0.1666666666666666,0.1666666666666666,0.1666666666666666,0.1666666666666666
143,143.0,0.1666666666666666,0.1666666666666666,0.1666666666666666,0.1666666666666666,0.1666666666666666,0.1666666666666666
144,144.0,0.1666666666666666,0.1666666666666666,0.1666666666666666,0.1666666666666666,0.1666666666666666,0.1666666666666666
145,145.0,0.1666666666666666,0.1666666666666666,0.1666666666666666,0.1666666666666666,0.1666666666666666,0.1666666666666666
146,146.0,0.1666666666666666,0.1666666666666666,0.1666666666666666,0.1666666666666666,0.1666666666666666,0.1666666666666666
147,147.0,0.1666666666666666,0.1666666666666666,0.1666666666666666,0.1666666666666666,0.1666666666666666,0.1666666666666666
148,148.0,0.1666666666666666,0.1666666666666666,0.1666666666666666,0.1666666666666666,0.1666666666666666,0.1666666666666666
149,149.0,0.1666666666666666,0.1666666666666666,0.1666666666666666,0.1666666666666666,0.1666666666666666,0.1666666666666666
150,150.0,0.1666666666666666,0.1666666666666666,0.1666666666666666,0.1666666666666666,0.1666666666666666,0.1666666666666666
151,151.0,0.1666666666666666,0.1666666666666666,0.1666666666666666,0.1666666666666666,0.1666666666666666,0.1666666666666666
152,152.0,0.1666666666666666,0.1666666666666666,0.1666666666666666,0.1666666666666666,0.1666666666666666,0.1666666666666666
153,153.0,0.1666666666666666,0.1666666666666666,0.1666666666666666,0.1666666666666666,0.1666666666666666,0.1666666666666666
154,154.0,0.1666666666666666,0.1666666666666666,0.1666666666666666,0.1666666666666666,0.1666666666666666,0.1666666666666666
155,155.0,0.1666666666666666,0.1666666666666666,0.1666666666666666,0.1666666666666666,0.1666666666666666,0.1666666666666666
156,156.0,0.1666666666666666,0.1666666666666666,0.1666666666666666,0.1666666666666666,0.1666666666666666,0.1666666666666666
157,157.0,0.1666666666666666,0.1666666666666666,0.1666666666666666,0.1666666666666666,0.1666666666666666,0.1666666666666666
158,158.0,0.1666666666666666,0.1666666666666666,0.1666666666666666,0.1666666666666666,0.1666666666666666,0.1666666666666666
159,159.0,0.1666666666666666,0.1666666666666666,0.1666666666666666,0.1666666666666666,0.1666666666666666,0.1666666666666666
160,160.0,0.1666666666666666,0.1666666666666666,0.1666666666666666,0.1666666666666666,0.1666666666666666,0.1666666666666666
161,161.0,0.1666666666666666,0.1666666666666666,0.1666666666666666,0.1666666666666666,0.1666666666666666,0.1666666666666666
162,162.0,0.1666666666666666,0.1666666666666666,0.1666666666666666,0.1666666666666666,0.1666666666666666,0.1666666666666666
163,163.0,0.1666666666666666,0.1666666666666666,0.1666666666666666,0.1666666666666666,0.1666666666666666,0.1666666666666666
164,164.0,0.1666666666666666,0.1666666666666666,0.1666666666666666,0.1666666666666666,0.1666666666666666,0.1666666666666666
165,165.0,0.1666666666666666,0.1666666666666666,0.1666666666666666,0.1666666666666666,0.1666666666666666,0.1666666666666666
166,166.0,0.1666666666666666,0.1666666666666666,0.1666666666666666,0.1666666666666666,0.1666666666666666,0.1666666666666666
167,167.0,0.1666666666666666,0.1666666666666666,0.1666666666666666,0.1666666666666666,0.1666666666666666,0.1666666666666666
168,168.0,0.1666666666666666,0.1666666666666666,0.1666666666666666,0.1666666666666666,0.1666666666666666,0.1666666666666666
169,169.0,0.1666666666666666,0.1666666666666666,0.1666666666666666,0.1666666666666666,0.1666666666666666,0.1666666666666666
170,170.0,0.1666666666666666,0.1666666666666666,0.1666666666666666,0.1666666666666666,0.1666666666666666,0.1666666666666666
171,171.0,0.1666666666666666,0.1666666666666666,0.1666666666666666,0.1666666666666666,0.1666666666666666,0.1666666666666666
172,172.0,0.1666666666666666,0.1666666666666666,0.1666666666666666,0.1666666666666666,0.1666666666666666,0.1666666666666666
173,173.0,0.1666666666666666,0.1666666666666666,0.1666666666666666,0.1666666666666666,0.1666666666666666,0.1666666666666666
174,174.0,0.1666666666666666,0.1666666666666666,0.1666666666666666,0.1666666666666666,0.1666666666666666,0.1666666666666666
175,175.0,0.1666666666666666,0.1666666666666666,0.1666666666666666,0.1666666666666666,0.1666666666666666,0.1666666666666666
176,176.0,0.1666666666666666,0.1666666666666666,0.1666666666666666,0.1666666666666666,0.1666666666666666,0.1666666666666666
177,177.0,0.1666666666666666,0.1666666666666666,0.1666666666666666,0.1666666666666666,0.1666666666666666,0.1666666666666666
178,178.0,0.1666666666666666,0.1666666666666666,0.1666666666666666,0.1666666666666666,0.1666666666666666,0.1666666666666666
179,179.0,0.1666666666666666,0.1666666666666666,0.1666666666666666,0.1666666666666666,0.1666666666666666,0.1666666666666666
180,180.0,0.1666666666666666,0.1666666666666666,0.1666666666666666,0.1666666666666666,0.1666666666666666,0.1666666666666666
181,181.0,0.1666666666666666,0.1666666666666666,0.1666666666666666,0.1666666666666666,0.1666666666666666,0.1666666666666666
182,182.0,0.1666666666666666,0.1666666666666666,0.1666666666666666,0.1666666666666666,0.1666666666666666,0.1666666666666666
183,183.0,0.1666666666666666,0.1666666666666666,0.1666666666666666,0.1666666666666666,0.1666666666666666,0.1666666666666666
184,184.0,0.1666666666666666,0.1666666666666666,0.1666666666666666,0.1666666666666666,0.1666666666666666,0.1666666666666666
185,185.0,0.1666666666666666,0.1666666666666666,0.1666666666666666,0.1666666666666666,0.1666666666666666,0.1666666666666666
186,186.0,0.1666666666666666,0.1666666666666666,0.1666666666666666,0.1666666666666666,0.1666666666666666,0.1666666666666666
187,187.0,0.1666666666666666,0.1666666666666666,0.1666666666666666,0.1666666666666666,0.1666666666666666,0.1666666666666666
188,188.0,0.1666666666666666,0.1666666666666666,0.1666666666666666,0.1666666666666666,0.1666666666666666,0.1666666666666666
189,189.0,0.1666666666666666,0.1666666666666666,0.1666666666666666,0.1666666666666666,0.1666666666666666,0.1666666666666666
190,190.0,0.1666666666666666,0.1666666666666666,0.1666666666666666,0.1666666666666666,0.1666666666666666,0.1666666666666666
191,191.0,0.1666666666666666,0.1666666666666666,0.1666666666666666,0.1666666666666666,0.1666666666666666,0.1666666666666666
192,192.0,0.1666666666666666,0.1666666666666666,0.1666666666666666,0.1666666666666666,0.1666666666666666,0.1666666666666666
193,193.0,0.1666666666666666,0.1666666666666666,0.1666666666666666,0.1666666666666666,0.1666666666666666,0.1666666666666666
194,194.0,0.1666666666666666,0.1666666666666666,0.1666666666666666,0.1666666666666666,0.1666666666666666,0.1666666666666666
195,195.0,0.1666666666666666,0.1666666666666666,0.1666666666666666,0.1666666666666666,0.1666666666666666,0.1666666666666666
196,196.0,0.1666666666666666,0.1666666666666666,0.1666666666666666,0.1666666666666666,0.1666666666666666,0.1666666666666666
197,197.0,0.1666666666666666,0.1666666666666666,0.1666666666666666,0.1666666666666666,0.1666666666666666,0.1666666666666666
198,198.0,0.1666666666666666,0.1666666666666666,0.1666666666666666,0.1666666666666666,0.1666666666666666,0.1666666666666666
199,199.0,0.1664285714285714,0.1664285714285714,0.1664285714285714,0.1664285714285714,0.1664285714285714,0.1678571428571428
200,200.0,0.1657166666666667,0.1671452380952381,0.1657166666666667,0.1671452380952381,0.1657166666666667,0.1685595238095238
201,201.0,0.164656880952381,0.1673211666666667,0.167156880952381,0.1674997380952381,0.164656880952381,0.1687084523809524
202,202.0,0.1632390446825397,0.1669749415079365,0.1695037272222223,0.1674691875396826,0.1643501557936509,0.1684629432539683
203,203.0,0.1614952841325397,0.1662693831007937,0.1737859309579366,0.166895968418254,0.1637063952436508,0.1678470381468254
204,204.0,0.1596581690184365,0.1665411311478016,0.1764714994549445,0.166183333747008,0.1629482801295477,0.168197586502262
205,205.0,0.1578804059477815,0.1668147375230752,0.1790682405521467,0.1654773514276387,0.1622198270588927,0.1685394374904655
206,206.0,0.1558246309977301,0.1667380739808288,0.1811662124356945,0.1656852096989458,0.1611761480088412,0.16940972487796
207,207.0,0.1535840083005276,0.166391739343042,0.1837680136068191,0.1656332511139538,0.1599040075626387,0.1707189800730192
208,208.0,0.1510649771984094,0.1682113949458776,0.1855843643371729,0.1652135252846909,0.1583045216049105,0.1716212166289389
209,209.0,0.1486598545571741,0.1700158166378166,0.1872649318778152,0.1648062919081625,0.1567657052606723,0.1724873997583597
210,210.0,0.1472903916662366,0.171788483593029,0.1888064888723105,0.1644143740728605,0.1552968797320174,0.1724033820635463
211,211.0,0.1467303535431129,0.1759390870398779,0.1887302480780561,0.1639644018272575,0.1538299766169165,0.1708059328947793
212,212.0,0.1462907617286165,0.178756509112913,0.1888060749141925,0.1645070843752439,0.152447654523347,0.1691919153456873
213,213.0,0.1457258722719343,0.1812327984906901,0.1910695916509067,0.1648246341738856,0.1498060722208851,0.1673410311916984
214,214.0,0.1452681495461375,0.1821630198346714,0.1946365369879166,0.1651506747144163,0.1472718572677304,0.1655097616491279
215,215.0,0.1461614541053955,0.1808948586871778,0.1990274065483305,0.1658977631839085,0.1449985039673725,0.1630200135078153
216,216.0,0.1467658710547312,0.1805431609161575,0.2033965768698815,0.1663986499120971,0.1426149856948615,0.1602807555522712
217,217.0,0.1482713695277679,0.1796965370884136,0.2082568607275749,0.1663357972436817,0.1400967829457665,0.1573426524667955
218,218.0,0.1497254115400304,0.1774393501992997,0.214170342464018,0.1664572943360935,0.1377450614577522,0.1544625400028063
219,219.0,0.1509367591606302,0.1760385750771909,0.2192740410004451,0.1670325521813865,0.1352859460638464,0.151432126516501
220,220.0,0.1531954543554137,0.1744704137944431,0.222671743270339,0.1674439919093696,0.1329215422003521,0.1492968544700826
221,221.0,0.1543312461220853,0.1716536502163114,0.2257727991503814,0.1702013556819686,0.1307342045710449,0.1473067442582085
222,222.0,0.1554450668857895,0.1688663122081155,0.228575862720757,0.172917477456996,0.1287280999287994,0.1454671807995428
223,223.0,0.1548124688236793,0.1661882756478887,0.2314123729063991,0.1767353763825147,0.1269601110762767,0.1438913951632415
224,224.0,0.154762771447309,0.1635309951520409,0.233624246317551,0.180402300149825,0.1253197107186342,0.1423599762146401
225,225.0,0.1546942256179121,0.1609684184685432,0.2355485311942534,0.183946127586525,0.1238599945594109,0.1409827025733555
226,226.0,0.1543594016390853,0.1593778120941067,0.2379447435411843,0.1864826189401977,0.1223274913403571,0.1395079324450691
227,227.0,0.1540132755655598,0.1579028850615695,0.2400667284878516,0.1888621429056091,0.1209698047996464,0.1381851631797637
228,228.0,0.1536604388675408,0.1565468187070672,0.2419206889248148,0.1910766009819312,0.1197830301348515,0.1370124223837944
229,229.0,0.1535511227204896,0.1552081130231667,0.2442847289685162,0.192906069463024,0.1187698804129654,0.1352800854118381
230,230.0,0.1533497305684422,0.1539003670515948,0.2461186158422604,0.1951999734028203,0.1178250726888641,0.1336062404460182
231,231.0,0.1530583930243279,0.1525335622808345,0.248520662357942,0.1969525665796881,0.1169421299309192,0.1319926858262883
232,232.0,0.1526950786088549,0.1512151514263909,0.2504463957225742,0.198224696562394,0.1169630890094884,0.1304555886702974
233,233.0,0.1523387999714959,0.1500216610233586,0.2521287353721611,0.1993244156432545,0.1171155319683166,0.1290708560214133
234,234.0,0.1522196890480856,0.1490282915063845,0.2521358033423172,0.2011670586307364,0.1175363011413045,0.1279128563311718
235,235.0,0.1510256486368918,0.1472232717303396,0.2534309546671828,0.2030803751247711,0.1181598351807855,0.1270799146600293
236,236.0,0.1494268113915042,0.1481604456235202,0.2524386965643052,0.204127408699007,0.1185062423063353,0.1273403954153281
237,237.0,0.1474718614850119,0.1493552147540646,0.2513505313853264,0.2057890792144437,0.1185892400025605,0.1274440731585928
238,238.0,0.1455678827595136,0.1506330587201179,0.2501168765445913,0.2072867568212573,0.1187368117629038,0.1276586133916161
239,239.0,0.1437248496301965,0.1533578122333891,0.2462130302550957,0.2093798005421783,0.1189846752570007,0.1283398320821395
240,240.0,0.1416511296147674,0.1547757907722779,0.2410172723468328,0.2121349655508092,0.1190151639463763,0.1314056777689364
241,241.0,0.1394459090875194,0.1558727614232499,0.2355176026345246,0.2155274189739881,0.1189043556160187,0.134731952264699
242,242.0,0.1369237415908759,0.1562764792818289,0.2318916899990094,0.2181239523048852,0.1193228420109707,0.13746129481243
243,243.0,0.1342651365703357,0.1562697649162007,0.2305098464303915,0.2205229974142248,0.1195189200501628,0.1389133346186844
244,244.0,0.1317392199323902,0.1562589884327021,0.2292124574836413,0.2227173905951472,0.1197417658926755,0.1403301776634436
245,245.0,0.1293579820051592,0.1569113304746218,0.2280040515860397,0.2240389864420183,0.1199864742997514,0.1417011751924095
246,246.0,0.1285593387254152,0.1575539557689988,0.2268878144916478,0.223733277301203,0.1202484119308634,0.1430172017818718
247,247.0,0.1282096964602391,0.1599556648942517,0.2230273290733141,0.2226380650231277,0.1218738221761179,0.1442954223729495
248,248.0,0.1278401248091816,0.1628529750183653,0.2203450964285581,0.2205570594786948,0.1231362126933453,0.1452685315718549
249,249.0,0.1275412025372314,0.1654676276654872,0.2184600037163598,0.2182544302697646,0.1242718989128133,0.1460048368983435
250,250.0,0.127339989460333,0.1680911193462226,0.2168093563687538,0.2159658422453524,0.1250331101530191,0.146760582426319
251,251.0,0.1273563214173447,0.1707250247690964,0.2154149098514506,0.2118525818070551,0.1258739797237846,0.1487771824312685
252,252.0,0.1283571694741943,0.1738451381088405,0.2139439873255916,0.2069116309740263,0.1265670219852352,0.150375052132112
253,253.0,0.1292522553585113,0.1767378712066042,0.213436028534374,0.2018373061562074,0.1271291801547787,0.1516073585895242
254,254.0,0.1300493316348331,0.1793359957945691,0.2146654066578357,0.1968097053162728,0.1264910090829985,0.1526485515134907
255,255.0,0.1307392089651763,0.1815354517952956,0.2168932248704048,0.191764511429913,0.1256690027698241,0.1533986001693861
256,256.0,0.1322646678809905,0.1834565910931321,0.2188323998552143,0.1867802208685494,0.1247220222190231,0.1539440980830905
257,257.0,0.1338055821654309,0.1852070523383206,0.2201958691984396,0.1826256795901722,0.1237667529850194,0.1543990637226172
258,258.0,0.1354900506147263,0.18687570934911,0.2196054431023576,0.1786965511971461,0.1247768119225909,0.154555433814069
259,259.0,0.1369254642928269,0.1881648590116355,0.2192645976704669,0.1747440738925764,0.1265667484854878,0.1543342566470065
260,260.0,0.1378106686566468,0.1892874962279721,0.2194768465328453,0.1710493975282416,0.1283313903830582,0.1540442006712359
261,261.0,0.1386593650615085,0.1908046014261311,0.2191616697483542,0.1676236887737614,0.1300556206628591,0.1536950543273857
262,262.0,0.1400619554344971,0.1910901281845199,0.2183987711733349,0.1642362127176,0.1323214762791074,0.1538914562109405
263,263.0,0.1412347387607844,0.1910500933652462,0.218561980544019,0.1609527351362015,0.1343378504277104,0.1538626017660385
264,264.0,0.1423496821974919,0.190878167759983,0.2187534835435579,0.1579564052436178,0.1362702417996607,0.1537920194556887
265,265.0,0.14240275946184,0.1913834028362348,0.2195245836738283,0.1556831086174334,0.1377110962977595,0.1532950491129039
266,266.0,0.1422705876329169,0.1927555801154075,0.2198444168895528,0.153561879119914,0.1389266800757357,0.1526408561664732
267,267.0,0.142071700719214,0.1939936948523559,0.2201533176553772,0.151804749078746,0.1400262392657149,0.1519502984285921
268,268.0,0.141813470964102,0.195097115981333,0.2205541090243457,0.1502934895987383,0.1410092766195302,0.1512325378119509
269,269.0,0.1399922521771673,0.1962686733075019,0.2215412548886021,0.1492191111823624,0.1422805706537242,0.1506981377906422
270,270.0,0.1385100091578781,0.1960130292403569,0.2213573187303289,0.1490910552913498,0.1447096667238567,0.1503189208562299
271,271.0,0.1368274647394607,0.1953643492487896,0.2223788238709373,0.1489775863936907,0.1467069987161374,0.1497447770309844
272,272.0,0.1349966260211638,0.1943896358463701,0.2243841020382242,0.1488935319941777,0.1483200121426712,0.1490160919573931
273,273.0,0.1330830715260285,0.1932386532037369,0.2265152160222636,0.1487980017647555,0.1502527677420765,0.1481122897411393
274,274.0,0.1312200117414067,0.1920402293817251,0.2285938275145664,0.1488630090707215,0.1520490169900303,0.1472339053015502
275,275.0,0.1293569252299908,0.1915162209416209,0.230219785264768,0.1490077475213747,0.1535762429009931,0.1463230781412527
276,276.0,0.1275701378372666,0.1909698110450192,0.2317682489157304,0.1492804889254321,0.1549614601649389,0.145449853111613
277,277.0,0.1257787234299205,0.1904297418046985,0.2331426566864031,0.1497942703233959,0.1562178739489184,0.1446367338066638
278,278.0,0.1240831065393227,0.1898818457660875,0.2344266139861265,0.150404141627001,0.1573342296355988,0.1438700624458637
279,279.0,0.1224906635827043,0.1893323845694012,0.2356163262889984,0.1510943951326472,0.1583133694778434,0.1431528609484057
280,280.0,0.1204388197780517,0.1891279184333232,0.2370502300625844,0.1525319082668921,0.1589319509344004,0.1419191725247484
281,281.0,0.1185053972845786,0.1889291743313353,0.2383827489402589,0.154013943571897,0.1594243894838185,0.1407443463881118
282,282.0,0.116935983434197,0.1902256627391435,0.2392535533656935,0.1549259903822978,0.1583698036027461,0.1402890064759223
283,283.0,0.1180596883509184,0.1931715927133873,0.2361005951403463,0.1560546328181566,0.1566529165625177,0.1399605744146738
284,284.0,0.1190104930233951,0.1969155095156295,0.2327477373765061,0.1570453436959879,0.154727853845178,0.1395530625433036
285,285.0,0.1208239572071046,0.2002568419617146,0.2292623874945495,0.1579158979517049,0.1513985725345001,0.1403423428504263
286,286.0,0.1222840641474705,0.2042019301122921,0.2244517391141988,0.159310009745366,0.1478339893231269,0.1419182675575458
287,287.0,0.1237820030448779,0.2080214020608618,0.2197032467509149,0.1606750185688765,0.1443000984150597,0.1435182311594093
288,288.0,0.1258184918341293,0.2112134342319482,0.2142645289329733,0.1623176449484767,0.1420557207155998,0.1443301793368729
289,289.0,0.1277002630190999,0.2140101489828875,0.2088975235225472,0.1645898047608655,0.1397389374254698,0.1450633222891303
290,290.0,0.1295603342847318,0.2166276563627304,0.2037169111511712,0.1667921867010038,0.1375165205730017,0.1457863909273613
291,291.0,0.1316600526880805,0.2204465909236771,0.1988947475275429,0.1690486336256041,0.1355401465718428,0.1444098286632527
292,292.0,0.1328711229980073,0.2248919539353411,0.1943184094131239,0.1712061745669743,0.1336799748768739,0.1430323642096798
293,293.0,0.1331625459630018,0.2294851593010443,0.1902624353914951,0.1722671662280651,0.1329014729329115,0.1419212201834823
294,294.0,0.1333953501098853,0.2309676885339236,0.1879158982441433,0.1746465876862277,0.1322416214216573,0.1408328540041629
295,295.0,0.1350250894810204,0.2321549037240524,0.1860313918051865,0.1752706920790636,0.1317186025884018,0.1397993203222755
296,296.0,0.1362318121213094,0.2341829706173109,0.1842357788473954,0.1755993544847615,0.1311242880290023,0.1386257959002207
297,297.0,0.1371171810488627,0.2363999043268345,0.182171062660168,0.1766806578748037,0.1303824647473815,0.1372487293419498
298,298.0,0.1395855718517721,0.239582206276459,0.1805873232058426,0.1756607678740979,0.1284293627876387,0.1361547680041898
299,299.0,0.1416099785654532,0.2427049826011439,0.1790328835112555,0.1742630801998037,0.1274819508384934,0.1349071242838505
300,300.0,0.144068451635588,0.2464767243339026,0.1775349683869893,0.1726221437038149,0.1264637444079875,0.1328339675317178
301,301.0,0.1464108568386869,0.2499912460880287,0.1751525077018576,0.1720505180300863,0.1255527192942766,0.1308421520470639
302,302.0,0.1486253769094226,0.2543502357549553,0.1729977806187984,0.1714469883531292,0.1236361565057071,0.1289434618579874
303,303.0,0.150702655160324,0.2584256566467332,0.1710695610484349,0.170820780370036,0.1218337754376506,0.1271475713368213
304,304.0,0.1548542577094804,0.2603219945488425,0.1692616665823873,0.170153367714195,0.1200493678759224,0.1253593455691724
305,305.0,0.1584178161881545,0.2617941106871452,0.1675337872335283,0.1693410067399011,0.1182526241241507,0.1246606550271202
306,306.0,0.1617914994186081,0.2629947060766391,0.1649090891725162,0.1685313158887425,0.1176988563499686,0.1240745330935255
307,307.0,0.1657181338509342,0.2635601389595221,0.1624277436754191,0.1675806099054022,0.1171935470576013,0.1235198265511209
308,308.0,0.16897689539436,0.2636669581263135,0.159946188536776,0.1672044165548509,0.1164717519766396,0.12373378941106
309,309.0,0.17234289281325,0.2602645022114999,0.159280169363037,0.1675308646891334,0.1162032467276616,0.1243783241954181
310,310.0,0.1758220672211938,0.2556322038018704,0.1590015459962023,0.1680513607433585,0.116217140626712,0.1252756816106629
311,311.0,0.1780746583815557,0.2513203225119553,0.1590525396924245,0.1687194695681644,0.116463229423172,0.126369780422728
312,312.0,0.1771413611643571,0.247274286719425,0.1592597547228593,0.1709481000749875,0.1165693869146293,0.1288071104037416
313,313.0,0.1759011440783988,0.2442811433849852,0.1582774381809762,0.1718062912922832,0.1166656148583414,0.133068368205015
314,314.0,0.1741670575221043,0.2418988055581007,0.1571292059483914,0.1720440341144577,0.1173406653971272,0.1374202314598185
315,315.0,0.1721071544057368,0.2392111437191197,0.1571958120277175,0.1720759056772233,0.1178880921596438,0.1415218920105587
316,316.0,0.1699353297021814,0.2365969954590704,0.1573908208126846,0.1722048398961197,0.1184758975416071,0.1453961165883366
317,317.0,0.1684420695747684,0.2337216155491246,0.1574847954802324,0.172701499207198,0.1187280040110914,0.1489220161775851
318,318.0,0.1668926319853393,0.2299580627715533,0.1576800815136091,0.1731718717808566,0.120005005849195,0.1522923460994466
319,319.0,0.1654225979204591,0.2251972588053636,0.1582576352089384,0.1742411719423901,0.1212779072369388,0.15560342888591
320,320.0,0.1628328915374856,0.2213440848166273,0.1586005549401724,0.1749618436794256,0.1224161602122524,0.1598444648140367
321,321.0,0.1599761318218128,0.2174065187826955,0.1599793438818773,0.1755038230593223,0.1234004906652691,0.1637336917890229
322,322.0,0.1571575917038673,0.2136823755684272,0.1614016272235889,0.1760045595239953,0.1243614475436885,0.1673923984364327
