,Unnamed: 0,Total_iterations,Intertwine_two,Invert_path_vertices,Insert_inside_vertex,Delete_inside_vertex,Replace_inside_vertex,Donate_between_routes,Trim_one_terminal_cb,Grow_one_terminal_cb
0,0.0,0.0,0.125,0.125,0.125,0.125,0.125,0.125,0.125,0.125
1,1.0,1.0,0.125,0.125,0.125,0.125,0.125,0.125,0.125,0.125
2,2.0,2.0,0.125,0.125,0.125,0.125,0.125,0.125,0.125,0.125
3,3.0,3.0,0.125,0.125,0.125,0.125,0.125,0.125,0.125,0.125
4,4.0,4.0,0.125,0.125,0.125,0.125,0.125,0.125,0.125,0.125
5,5.0,5.0,0.125,0.125,0.125,0.125,0.125,0.125,0.125,0.125
6,6.0,6.0,0.125,0.125,0.125,0.125,0.125,0.125,0.125,0.125
7,7.0,7.0,0.125,0.125,0.125,0.125,0.125,0.125,0.125,0.125
8,8.0,8.0,0.125,0.125,0.125,0.125,0.125,0.125,0.125,0.125
9,9.0,9.0,0.125,0.125,0.125,0.125,0.125,0.125,0.125,0.125
10,10.0,10.0,0.125,0.125,0.125,0.125,0.125,0.125,0.125,0.125
11,11.0,11.0,0.125,0.125,0.125,0.125,0.125,0.125,0.125,0.125
12,12.0,12.0,0.125,0.125,0.125,0.125,0.125,0.125,0.125,0.125
13,13.0,13.0,0.125,0.125,0.125,0.125,0.125,0.125,0.125,0.125
14,14.0,14.0,0.125,0.125,0.125,0.125,0.125,0.125,0.125,0.125
15,15.0,15.0,0.125,0.125,0.125,0.125,0.125,0.125,0.125,0.125
16,16.0,16.0,0.125,0.125,0.125,0.125,0.125,0.125,0.125,0.125
17,17.0,17.0,0.125,0.125,0.125,0.125,0.125,0.125,0.125,0.125
18,18.0,18.0,0.125,0.125,0.125,0.125,0.125,0.125,0.125,0.125
19,19.0,19.0,0.125,0.125,0.125,0.125,0.125,0.125,0.125,0.125
20,20.0,20.0,0.125,0.125,0.125,0.125,0.125,0.125,0.125,0.125
21,21.0,21.0,0.125,0.125,0.125,0.125,0.125,0.125,0.125,0.125
22,22.0,22.0,0.125,0.125,0.125,0.125,0.125,0.125,0.125,0.125
23,23.0,23.0,0.125,0.125,0.125,0.125,0.125,0.125,0.125,0.125
24,24.0,24.0,0.125,0.125,0.125,0.125,0.125,0.125,0.125,0.125
25,25.0,25.0,0.125,0.125,0.125,0.125,0.125,0.125,0.125,0.125
26,26.0,26.0,0.125,0.125,0.125,0.125,0.125,0.125,0.125,0.125
27,27.0,27.0,0.125,0.125,0.125,0.125,0.125,0.125,0.125,0.125
28,28.0,28.0,0.125,0.125,0.125,0.125,0.125,0.125,0.125,0.125
29,29.0,29.0,0.125,0.125,0.125,0.125,0.125,0.125,0.125,0.125
30,30.0,30.0,0.125,0.125,0.125,0.125,0.125,0.125,0.125,0.125
31,31.0,31.0,0.125,0.125,0.125,0.125,0.125,0.125,0.125,0.125
32,32.0,32.0,0.125,0.125,0.125,0.125,0.125,0.125,0.125,0.125
33,33.0,33.0,0.125,0.125,0.125,0.125,0.125,0.125,0.125,0.125
34,34.0,34.0,0.125,0.125,0.125,0.125,0.125,0.125,0.125,0.125
35,35.0,35.0,0.125,0.125,0.125,0.125,0.125,0.125,0.125,0.125
36,36.0,36.0,0.125,0.125,0.125,0.125,0.125,0.125,0.125,0.125
37,37.0,37.0,0.125,0.125,0.125,0.125,0.125,0.125,0.125,0.125
38,38.0,38.0,0.125,0.125,0.125,0.125,0.125,0.125,0.125,0.125
39,39.0,39.0,0.125,0.125,0.125,0.125,0.125,0.125,0.125,0.125
40,40.0,40.0,0.125,0.125,0.125,0.125,0.125,0.125,0.125,0.125
41,41.0,41.0,0.125,0.125,0.125,0.125,0.125,0.125,0.125,0.125
42,42.0,42.0,0.125,0.125,0.125,0.125,0.125,0.125,0.125,0.125
43,43.0,43.0,0.125,0.125,0.125,0.125,0.125,0.125,0.125,0.125
44,44.0,44.0,0.125,0.125,0.125,0.125,0.125,0.125,0.125,0.125
45,45.0,45.0,0.125,0.125,0.125,0.125,0.125,0.125,0.125,0.125
46,46.0,46.0,0.125,0.125,0.125,0.125,0.125,0.125,0.125,0.125
47,47.0,47.0,0.125,0.125,0.125,0.125,0.125,0.125,0.125,0.125
48,48.0,48.0,0.125,0.125,0.125,0.125,0.125,0.125,0.125,0.125
49,49.0,49.0,0.125,0.125,0.125,0.125,0.125,0.125,0.125,0.125
50,50.0,50.0,0.125,0.125,0.125,0.125,0.125,0.125,0.125,0.125
51,51.0,51.0,0.125,0.125,0.125,0.125,0.125,0.125,0.125,0.125
52,52.0,52.0,0.125,0.125,0.125,0.125,0.125,0.125,0.125,0.125
53,53.0,53.0,0.125,0.125,0.125,0.125,0.125,0.125,0.125,0.125
54,54.0,54.0,0.125,0.125,0.125,0.125,0.125,0.125,0.125,0.125
55,55.0,55.0,0.125,0.125,0.125,0.125,0.125,0.125,0.125,0.125
56,56.0,56.0,0.125,0.125,0.125,0.125,0.125,0.125,0.125,0.125
57,57.0,57.0,0.125,0.125,0.125,0.125,0.125,0.125,0.125,0.125
58,58.0,58.0,0.125,0.125,0.125,0.125,0.125,0.125,0.125,0.125
59,59.0,59.0,0.125,0.125,0.125,0.125,0.125,0.125,0.125,0.125
60,60.0,60.0,0.125,0.125,0.125,0.125,0.125,0.125,0.125,0.125
61,61.0,61.0,0.125,0.125,0.125,0.125,0.125,0.125,0.125,0.125
62,62.0,62.0,0.125,0.125,0.125,0.125,0.125,0.125,0.125,0.125
63,63.0,63.0,0.125,0.125,0.125,0.125,0.125,0.125,0.125,0.125
64,64.0,64.0,0.125,0.125,0.125,0.125,0.125,0.125,0.125,0.125
65,65.0,65.0,0.125,0.125,0.125,0.125,0.125,0.125,0.125,0.125
66,66.0,66.0,0.125,0.125,0.125,0.125,0.125,0.125,0.125,0.125
67,67.0,67.0,0.125,0.125,0.125,0.125,0.125,0.125,0.125,0.125
68,68.0,68.0,0.125,0.125,0.125,0.125,0.125,0.125,0.125,0.125
69,69.0,69.0,0.125,0.125,0.125,0.125,0.125,0.125,0.125,0.125
70,70.0,70.0,0.125,0.125,0.125,0.125,0.125,0.125,0.125,0.125
71,71.0,71.0,0.125,0.125,0.125,0.125,0.125,0.125,0.125,0.125
72,72.0,72.0,0.125,0.125,0.125,0.125,0.125,0.125,0.125,0.125
73,73.0,73.0,0.125,0.125,0.125,0.125,0.125,0.125,0.125,0.125
74,74.0,74.0,0.125,0.125,0.125,0.125,0.125,0.125,0.125,0.125
75,75.0,75.0,0.125,0.125,0.125,0.125,0.125,0.125,0.125,0.125
76,76.0,76.0,0.125,0.125,0.125,0.125,0.125,0.125,0.125,0.125
77,77.0,77.0,0.125,0.125,0.125,0.125,0.125,0.125,0.125,0.125
78,78.0,78.0,0.125,0.125,0.125,0.125,0.125,0.125,0.125,0.125
79,79.0,79.0,0.125,0.125,0.125,0.125,0.125,0.125,0.125,0.125
80,80.0,80.0,0.125,0.125,0.125,0.125,0.125,0.125,0.125,0.125
81,81.0,81.0,0.125,0.125,0.125,0.125,0.125,0.125,0.125,0.125
82,82.0,82.0,0.125,0.125,0.125,0.125,0.125,0.125,0.125,0.125
83,83.0,83.0,0.125,0.125,0.125,0.125,0.125,0.125,0.125,0.125
84,84.0,84.0,0.125,0.125,0.125,0.125,0.125,0.125,0.125,0.125
85,85.0,85.0,0.125,0.125,0.125,0.125,0.125,0.125,0.125,0.125
86,86.0,86.0,0.125,0.125,0.125,0.125,0.125,0.125,0.125,0.125
87,87.0,87.0,0.125,0.125,0.125,0.125,0.125,0.125,0.125,0.125
88,88.0,88.0,0.125,0.125,0.125,0.125,0.125,0.125,0.125,0.125
89,89.0,89.0,0.125,0.125,0.125,0.125,0.125,0.125,0.125,0.125
90,90.0,90.0,0.125,0.125,0.125,0.125,0.125,0.125,0.125,0.125
91,91.0,91.0,0.125,0.125,0.125,0.125,0.125,0.125,0.125,0.125
92,92.0,92.0,0.125,0.125,0.125,0.125,0.125,0.125,0.125,0.125
93,93.0,93.0,0.125,0.125,0.125,0.125,0.125,0.125,0.125,0.125
94,94.0,94.1,0.125,0.125,0.125,0.125,0.125,0.125,0.125,0.125
95,95.0,95.1,0.125,0.125,0.125,0.125,0.125,0.125,0.125,0.125
96,96.0,96.1,0.125,0.125,0.125,0.125,0.125,0.125,0.125,0.125
97,97.0,97.1,0.125,0.125,0.125,0.125,0.125,0.125,0.125,0.125
98,98.0,98.2,0.125,0.125,0.125,0.125,0.125,0.125,0.125,0.125
99,99.0,99.2,0.125,0.125,0.125,0.125,0.125,0.125,0.125,0.125
100,100.0,100.2,0.125,0.125,0.125,0.125,0.125,0.125,0.125,0.125
101,101.0,101.2,0.125,0.125,0.125,0.125,0.125,0.125,0.125,0.125
102,102.0,102.2,0.125,0.125,0.125,0.125,0.125,0.125,0.125,0.125
103,103.0,103.2,0.125,0.125,0.125,0.125,0.125,0.125,0.125,0.125
104,104.0,104.2,0.125,0.125,0.125,0.125,0.125,0.125,0.125,0.125
105,105.0,105.2,0.125,0.125,0.125,0.125,0.125,0.125,0.125,0.125
106,106.0,106.2,0.125,0.125,0.125,0.125,0.125,0.125,0.125,0.125
107,107.0,107.2,0.125,0.125,0.125,0.125,0.125,0.125,0.125,0.125
108,108.0,108.2,0.125,0.125,0.125,0.125,0.125,0.125,0.125,0.125
109,109.0,109.2,0.125,0.125,0.125,0.125,0.125,0.125,0.125,0.125
110,110.0,110.2,0.125,0.125,0.125,0.125,0.125,0.125,0.125,0.125
111,111.0,111.2,0.125,0.125,0.125,0.125,0.125,0.125,0.125,0.125
112,112.0,112.2,0.125,0.125,0.125,0.125,0.125,0.125,0.125,0.125
113,113.0,113.2,0.125,0.125,0.125,0.125,0.125,0.125,0.125,0.125
114,114.0,114.2,0.125,0.125,0.125,0.125,0.125,0.125,0.125,0.125
115,115.0,115.2,0.125,0.125,0.125,0.125,0.125,0.125,0.125,0.125
116,116.0,116.2,0.125,0.125,0.125,0.125,0.125,0.125,0.125,0.125
117,117.0,117.2,0.125,0.125,0.125,0.125,0.125,0.125,0.125,0.125
118,118.0,118.2,0.125,0.125,0.125,0.125,0.125,0.125,0.125,0.125
119,119.0,119.2,0.125,0.125,0.125,0.125,0.125,0.125,0.125,0.125
120,120.0,120.2,0.125,0.125,0.125,0.125,0.125,0.125,0.125,0.125
121,121.0,121.2,0.125,0.125,0.125,0.125,0.125,0.125,0.125,0.125
122,122.0,122.2,0.125,0.125,0.125,0.125,0.125,0.125,0.125,0.125
123,123.0,123.2,0.125,0.125,0.125,0.125,0.125,0.125,0.125,0.125
124,124.0,124.2,0.125,0.125,0.125,0.125,0.125,0.125,0.125,0.125
125,125.0,125.2,0.125,0.125,0.125,0.125,0.125,0.125,0.125,0.125
126,126.0,126.2,0.125,0.125,0.125,0.125,0.125,0.125,0.125,0.125
127,127.0,127.2,0.125,0.125,0.125,0.125,0.125,0.125,0.125,0.125
128,128.0,128.2,0.125,0.125,0.125,0.125,0.125,0.125,0.125,0.125
129,129.0,129.2,0.125,0.125,0.125,0.125,0.125,0.125,0.125,0.125
130,130.0,130.2,0.125,0.125,0.125,0.125,0.125,0.125,0.125,0.125
131,131.0,131.2,0.125,0.125,0.125,0.125,0.125,0.125,0.125,0.125
132,132.0,132.2,0.125,0.125,0.125,0.125,0.125,0.125,0.125,0.125
133,133.0,133.2,0.125,0.125,0.125,0.125,0.125,0.125,0.125,0.125
134,134.0,134.2,0.125,0.125,0.125,0.125,0.125,0.125,0.125,0.125
135,135.0,135.2,0.125,0.125,0.125,0.125,0.125,0.125,0.125,0.125
136,136.0,136.2,0.125,0.125,0.125,0.125,0.125,0.125,0.125,0.125
137,137.0,137.2,0.125,0.125,0.125,0.125,0.125,0.125,0.125,0.125
138,138.0,138.2,0.125,0.125,0.125,0.125,0.125,0.125,0.125,0.125
139,139.0,139.2,0.125,0.125,0.125,0.125,0.125,0.125,0.125,0.125
140,140.0,140.2,0.125,0.125,0.125,0.125,0.125,0.125,0.125,0.125
141,141.0,141.2,0.125,0.125,0.125,0.125,0.125,0.125,0.125,0.125
142,142.0,142.2,0.125,0.125,0.125,0.125,0.125,0.125,0.125,0.125
143,143.0,143.2,0.125,0.125,0.125,0.125,0.125,0.125,0.125,0.125
144,144.0,144.2,0.125,0.125,0.125,0.125,0.125,0.125,0.125,0.125
145,145.0,145.2,0.125,0.125,0.125,0.125,0.125,0.125,0.125,0.125
146,146.0,146.2,0.125,0.125,0.125,0.125,0.125,0.125,0.125,0.125
147,147.0,147.2,0.125,0.125,0.125,0.125,0.125,0.125,0.125,0.125
148,148.0,148.2,0.125,0.125,0.125,0.125,0.125,0.125,0.125,0.125
149,149.0,149.2,0.125,0.125,0.125,0.125,0.125,0.125,0.125,0.125
150,150.0,150.2,0.125,0.125,0.125,0.125,0.125,0.125,0.125,0.125
151,151.0,151.2,0.125,0.125,0.125,0.125,0.125,0.125,0.125,0.125
152,152.0,152.2,0.125,0.125,0.125,0.125,0.125,0.125,0.125,0.125
153,153.0,153.2,0.125,0.125,0.125,0.125,0.125,0.125,0.125,0.125
154,154.0,154.2,0.125,0.125,0.125,0.125,0.125,0.125,0.125,0.125
155,155.0,155.2,0.125,0.125,0.125,0.125,0.125,0.125,0.125,0.125
156,156.0,156.2,0.125,0.125,0.125,0.125,0.125,0.125,0.125,0.125
157,157.0,157.2,0.125,0.125,0.125,0.125,0.125,0.125,0.125,0.125
158,158.0,158.2,0.125,0.125,0.125,0.125,0.125,0.125,0.125,0.125
159,159.0,159.2,0.125,0.125,0.125,0.125,0.125,0.125,0.125,0.125
160,160.0,160.2,0.125,0.125,0.125,0.125,0.125,0.125,0.125,0.125
161,161.0,161.2,0.125,0.125,0.125,0.125,0.125,0.125,0.125,0.125
162,162.0,162.2,0.125,0.125,0.125,0.125,0.125,0.125,0.125,0.125
163,163.0,163.2,0.125,0.125,0.125,0.125,0.125,0.125,0.125,0.125
164,164.0,164.2,0.125,0.125,0.125,0.125,0.125,0.125,0.125,0.125
165,165.0,165.2,0.125,0.125,0.125,0.125,0.125,0.125,0.125,0.125
166,166.0,166.2,0.125,0.125,0.125,0.125,0.125,0.125,0.125,0.125
167,167.0,167.2,0.125,0.125,0.125,0.125,0.125,0.125,0.125,0.125
168,168.0,168.2,0.125,0.125,0.125,0.125,0.125,0.125,0.125,0.125
169,169.0,169.2,0.125,0.125,0.125,0.125,0.125,0.125,0.125,0.125
170,170.0,170.2,0.125,0.125,0.125,0.125,0.125,0.125,0.125,0.125
171,171.0,171.2,0.125,0.125,0.125,0.125,0.125,0.125,0.125,0.125
172,172.0,172.2,0.125,0.125,0.125,0.125,0.125,0.125,0.125,0.125
173,173.0,173.2,0.125,0.125,0.125,0.125,0.125,0.125,0.125,0.125
174,174.0,174.2,0.125,0.125,0.125,0.125,0.125,0.125,0.125,0.125
175,175.0,175.2,0.125,0.125,0.125,0.125,0.125,0.125,0.125,0.125
176,176.0,176.2,0.125,0.125,0.125,0.125,0.125,0.125,0.125,0.125
177,177.0,177.2,0.125,0.125,0.125,0.125,0.125,0.125,0.125,0.125
178,178.0,178.2,0.125,0.125,0.125,0.125,0.125,0.125,0.125,0.125
179,179.0,179.2,0.125,0.125,0.125,0.125,0.125,0.125,0.125,0.125
180,180.0,180.2,0.125,0.125,0.125,0.125,0.125,0.125,0.125,0.125
181,181.0,181.2,0.125,0.125,0.125,0.125,0.125,0.125,0.125,0.125
182,182.0,182.2,0.125,0.125,0.125,0.125,0.125,0.125,0.125,0.125
183,183.0,183.2,0.125,0.125,0.125,0.125,0.125,0.125,0.125,0.125
184,184.0,184.2,0.125,0.125,0.125,0.125,0.125,0.125,0.125,0.125
185,185.0,185.2,0.125,0.125,0.125,0.125,0.125,0.125,0.125,0.125
186,186.0,186.2,0.125,0.125,0.125,0.125,0.125,0.125,0.125,0.125
187,187.0,187.2,0.125,0.125,0.125,0.125,0.125,0.125,0.125,0.125
188,188.0,188.2,0.125,0.125,0.125,0.125,0.125,0.125,0.125,0.125
189,189.0,189.2,0.125,0.125,0.125,0.125,0.125,0.125,0.125,0.125
190,190.0,190.2,0.125,0.125,0.125,0.125,0.125,0.125,0.125,0.125
191,191.0,191.2,0.125,0.125,0.125,0.125,0.125,0.125,0.125,0.125
192,192.0,192.2,0.125,0.125,0.125,0.125,0.125,0.125,0.125,0.125
193,193.0,193.2,0.125,0.125,0.125,0.125,0.125,0.125,0.125,0.125
194,194.0,194.2,0.125,0.125,0.125,0.125,0.125,0.125,0.125,0.125
195,195.0,195.2,0.125,0.125,0.125,0.125,0.125,0.125,0.125,0.125
196,196.0,196.2,0.125,0.125,0.125,0.125,0.125,0.125,0.125,0.125
197,197.0,197.2,0.125,0.125,0.125,0.125,0.125,0.125,0.125,0.125
198,198.0,198.2,0.125,0.125,0.125,0.125,0.125,0.125,0.125,0.125
199,199.0,199.2,0.125,0.125,0.125,0.125,0.125,0.125,0.125,0.125
200,200.0,200.2,0.12222222222222223,0.13333333333333333,0.12222222222222223,0.12222222222222223,0.13333333333333336,0.12222222222222223,0.12222222222222223,0.12222222222222223
201,201.0,201.2,0.11722222222222223,0.14833333333333334,0.12833333333333335,0.11722222222222223,0.12722222222222224,0.11722222222222223,0.12722222222222224,0.11722222222222223
202,202.0,202.2,0.13080808080808082,0.14191919191919192,0.12373737373737374,0.11262626262626263,0.12171717171717171,0.11262626262626263,0.13282828282828282,0.12373737373737374
203,203.0,203.2,0.12777777777777777,0.1388888888888889,0.11111111111111109,0.11944444444444444,0.11944444444444444,0.1222222222222222,0.13055555555555554,0.13055555555555554
204,204.0,204.2,0.11816239316239316,0.1299145299145299,0.10213675213675211,0.1098290598290598,0.1098290598290598,0.12658119658119657,0.17307692307692307,0.13047008547008546
205,205.0,205.2,0.11705128205128205,0.12880341880341878,0.101025641025641,0.10871794871794868,0.10871794871794868,0.1354700854700855,0.17085470085470084,0.12935897435897434
206,206.0,206.2,0.11705128205128205,0.12880341880341878,0.101025641025641,0.10871794871794868,0.10871794871794868,0.1354700854700855,0.17085470085470084,0.12935897435897434
207,207.0,207.2,0.10761904761904759,0.11714285714285715,0.10047619047619046,0.11595238095238095,0.12587301587301586,0.13492063492063494,0.1692063492063492,0.1288095238095238
208,208.0,208.2,0.10761904761904759,0.11714285714285715,0.10047619047619046,0.12595238095238095,0.12587301587301586,0.12492063492063492,0.1692063492063492,0.1288095238095238
209,209.0,209.2,0.10539682539682538,0.12492063492063492,0.09825396825396823,0.12373015873015873,0.12253968253968253,0.12269841269841271,0.17587301587301588,0.12658730158730158
210,210.0,210.2,0.09543512043512041,0.12081973581973579,0.09543512043512041,0.15549728049728045,0.11312742812742811,0.11785936285936285,0.17142579642579642,0.13040015540015537
211,211.0,211.2,0.09246142746142745,0.11693695193695193,0.09246142746142745,0.15900044400044394,0.10869519369519368,0.1141280941280941,0.18055666555666555,0.13575979575979572
212,212.0,212.2,0.09576923076923075,0.12179487179487174,0.08807692307692305,0.1665384615384615,0.1097435897435897,0.10910256410256407,0.18051282051282047,0.12846153846153843
213,213.0,213.2,0.09325299700299697,0.11772852147852145,0.08556068931068929,0.16704170829170822,0.10575299700299698,0.10603687978687977,0.1909885947385947,0.13363761238761235
214,214.0,214.2,0.09178644884527234,0.10900256606138958,0.08464359170241521,0.17402235019882076,0.10410060527707583,0.1051197821786057,0.19198575933870046,0.13933889639771987
215,215.0,215.2,0.09050727050727048,0.11486624486624483,0.0838406038406038,0.17875624375624372,0.10819957819957818,0.09717393717393714,0.18859640359640356,0.138059718059718
216,216.0,216.2,0.09021487284645177,0.11457384720542614,0.08354820617978509,0.19083451636083212,0.1070299875563033,0.09688153951311843,0.1868420176314913,0.1300750127065916
217,217.0,217.2,0.08966542229700122,0.10514161277319167,0.09133208896366787,0.18863671416302993,0.10593108645740221,0.09633208896366788,0.1934354242248979,0.12952556215714106
218,218.0,218.2,0.08966542229700122,0.10514161277319167,0.09133208896366787,0.18863671416302993,0.10593108645740221,0.09633208896366788,0.1934354242248979,0.12952556215714106
219,219.0,219.2,0.08918923182081073,0.10418923182081072,0.09918923182081074,0.18673195225826802,0.11164537217168793,0.0958558984874774,0.18414970993918361,0.1290493716809506
220,220.0,220.2,0.09321700959858853,0.10780034293192187,0.10321700959858852,0.18950973003604582,0.11483981661613236,0.08655034293192185,0.16409629113576482,0.1407694571510361
221,221.0,221.2,0.08868269587309832,0.10289838214760812,0.09868269587309833,0.18387247513408503,0.1095702087729951,0.09034936253976499,0.18970903623380403,0.13623514342554588
222,222.0,222.2,0.08668923182081074,0.10057812070969963,0.09668923182081073,0.19890838693470272,0.11406600709232284,0.08771487284645176,0.18385972214919583,0.13149442662600555
223,223.0,223.2,0.08486905638221426,0.09846554761028443,0.09486905638221425,0.19909844541423488,0.11791103633208895,0.08589469740785527,0.18921790928369875,0.12967425118740905
224,224.0,224.2,0.08376206095246341,0.09709539428579674,0.09376206095246342,0.20571977815785863,0.12210055424451707,0.08478770197810444,0.18658614605209034,0.12618630337670583
225,225.0,225.2,0.0831072990477015,0.09620253714293961,0.09310729904770151,0.20839834958643005,0.1148731106354945,0.07644063238103484,0.19817256402008723,0.1296982081386106
226,226.0,226.2,0.08209862634785234,0.09455283880206479,0.09669892800697752,0.21444095893786294,0.12312914381799829,0.07543195968118567,0.18716389132023806,0.12648365308582024
227,227.0,227.2,0.08538923494805846,0.09207144163026515,0.09410718366600719,0.22555570246746717,0.12288774950539656,0.07316701272583623,0.18456375324022384,0.12225792181674533
228,228.0,228.2,0.08495351125146519,0.09143808947517384,0.09367145996941391,0.22778419860900673,0.12138294995711871,0.07273128902924296,0.18621630358842634,0.12182219812015208
229,229.0,229.2,0.0844773207752747,0.08326959130667566,0.09319526949322343,0.23404793487274303,0.12090675948092824,0.07225509855305248,0.18383535120747393,0.12801267431062827
230,230.0,230.2,0.08341991341991338,0.08619769119769116,0.09818181818181816,0.23366883116883116,0.11897907647907642,0.07119769119769116,0.1813997113997114,0.1269552669552669
231,231.0,231.2,0.08248465861623752,0.09019226095541882,0.09581799194957089,0.24542488797751952,0.11725142401458186,0.0702624363940153,0.17921299460773144,0.11935334548492442
232,232.0,232.2,0.08180483405483403,0.08924927849927848,0.09513816738816738,0.2466529581529581,0.12255844155844153,0.0695826118326118,0.1763401875901876,0.1186735209235209
233,233.0,233.2,0.08119909175791526,0.08840544096426448,0.09453242509124862,0.2478014175367116,0.12134695696460399,0.06897686953569303,0.17967001952296066,0.11806777862660214
234,234.0,234.2,0.08823160173160169,0.08688816738816735,0.0932316017316017,0.24736002886002878,0.11874531024531018,0.06767604617604614,0.18110028860028857,0.11676695526695524
235,235.0,235.2,0.08732490894561831,0.08578384614368592,0.09107490894561832,0.24818319183994236,0.11734859134001005,0.06676935339006275,0.18765493691409021,0.11586026248097185
236,236.0,236.2,0.08123956598956598,0.08720965145965144,0.09165623265623264,0.2523813963813963,0.1134855977355977,0.06735067710067708,0.19690195915195913,0.10977491952491951
237,237.0,237.2,0.08068095793095792,0.08617668442668439,0.09109762459762458,0.25665245865245856,0.11221453546453544,0.06679206904206901,0.1971693584193584,0.10921631146631143
238,238.0,238.2,0.07939356395238745,0.08418599374481724,0.08870728944258353,0.2595983265100911,0.11055684511566861,0.06550467506349855,0.2041243886832122,0.10792891748774099
239,239.0,239.2,0.0789243164243164,0.08357429607429603,0.08725764975764973,0.26471815221815215,0.10994514744514741,0.06503542753542749,0.20308534058534056,0.1074596699596699
240,240.0,240.2,0.0781595650302744,0.08239236926307861,0.08561570538115157,0.2706527655326282,0.10856559217543196,0.06427067614138549,0.20364840791042163,0.10669491856562792
241,241.0,241.2,0.07772297776834979,0.08156807902724414,0.08517911811922697,0.26644465133575834,0.10756014251930765,0.06383408887946089,0.2114326110469486,0.10625833130370332
242,242.0,242.2,0.07930234284771488,0.08119889457185281,0.07482865863718856,0.2770020073695209,0.09353222790518614,0.06430234284771487,0.22310694054886432,0.1067265852719573
243,243.0,243.2,0.07823057689436998,0.08471046195184125,0.07323057689436997,0.2709226262243503,0.09230661579799508,0.06323057689436996,0.23171374602409084,0.10565481931861238
244,244.0,244.2,0.07715099170981522,0.0886776023540729,0.07167480123362474,0.2734707721472427,0.09085469541351891,0.06215099170981521,0.23144491129785244,0.10457523413405764
245,245.0,245.2,0.0761703136352505,0.08661182552837529,0.07026122272615958,0.2825723726950935,0.08619335510990488,0.061170313635250495,0.2334260406104726,0.10359455605949293
246,246.0,246.2,0.07544960792485372,0.08500116915612263,0.06914526009876676,0.284437924385546,0.08879777255221746,0.060449607924853724,0.22858164971380646,0.10813700824383299
247,247.0,247.2,0.07477073365231258,0.08383871610845292,0.06810406698564593,0.2832705342902711,0.08768740031897924,0.0631040669856459,0.2317663476874003,0.10745813397129185
248,248.0,248.2,0.07421065493646137,0.08246823069403714,0.06754398826979471,0.284960899315738,0.08994868035190615,0.06243646138807426,0.23179618768328442,0.10663489736070379
249,249.0,249.2,0.0737649286987522,0.08175512477718358,0.06709826203208553,0.2890889037433154,0.082355614973262,0.061889928698752206,0.23119139928698748,0.11285583778966131
250,250.0,250.2,0.07251498501498498,0.08451590076590075,0.06626498501498498,0.29258200133200135,0.0810701798201798,0.06096195471195468,0.22631743256743259,0.11577256077256073
251,251.0,251.2,0.07147489836108759,0.07896250878987449,0.0616070381735343,0.2973312244731682,0.0799716303872314,0.06020038855716603,0.23228146178913436,0.11817084946880341
252,252.0,252.2,0.070843104960752,0.07767258973141322,0.06079408535290885,0.297489889548713,0.07893758599640949,0.05948456154338504,0.2374555770144005,0.11732260585201756
253,253.0,253.2,0.06965878079035971,0.082794524189261,0.05976989190147082,0.29674632287790176,0.07769971646287432,0.05854766967924859,0.23537683856104902,0.11940625553783446
254,254.0,254.2,0.06903247958739947,0.08144093942148858,0.05898974454466442,0.2930452431310554,0.07684819003468886,0.05784629340121328,0.24036863015695958,0.12242847972253006
255,255.0,255.2,0.06859294113831317,0.08282867414900079,0.058550206095578115,0.2954889464236106,0.0761952803195997,0.06150229786345936,0.23503387215728408,0.12180778185315388
256,256.0,256.2,0.06826807208386153,0.08227392003707791,0.058082886898676335,0.29527167764009865,0.0756679821153505,0.06110995242574187,0.23542094357883822,0.12390456522035469
257,257.0,257.2,0.06804042980743877,0.0815909932078096,0.06029426901249747,0.29330826300595225,0.07544033983892773,0.06071564348265244,0.23709980536745615,0.12351025627726527
258,258.0,258.2,0.06758870963030553,0.08050038294096015,0.05965220169379758,0.2993846396011081,0.07498861966179449,0.05754597458757049,0.23756705707045261,0.12277241481401073
259,259.0,259.2,0.0671361568455238,0.08201386131437607,0.059021125214052714,0.2960006652253852,0.07420880641817337,0.05695097166033862,0.24267825670883325,0.12199015661331669
260,260.0,260.2,0.06957805442150791,0.08376684300308587,0.06096842875305871,0.2892327928238744,0.07619570148033145,0.05906607185070182,0.24590054562065947,0.11529156204678026
261,261.0,261.2,0.06886348404050999,0.08313516756868447,0.06058065575768169,0.2902474588528876,0.07568597726544223,0.058678298855324794,0.24746399213747755,0.1153449655219915
262,262.0,262.2,0.06827868871887256,0.08284276990786575,0.06028825809686298,0.28995506119206893,0.07539357960462352,0.05838590119450608,0.24717159447665887,0.11768414680854118
263,263.0,263.2,0.07699802493820877,0.08122880798902579,0.05895708926569414,0.28685735943583063,0.07381384497610839,0.057105237413842304,0.24863615295341246,0.1164034830278774
264,264.0,264.2,0.07162142404857685,0.07766807460010364,0.05884364627079906,0.2874340279932138,0.07341544398213168,0.05699179441894723,0.25773554865324516,0.11629004003298234
265,265.0,265.2,0.07120208871662356,0.07714793281653745,0.05842431093884579,0.28872416020671826,0.07282999569336776,0.056572459086993945,0.2568599267872524,0.1182391257536606
266,266.0,266.2,0.07094701074258461,0.07447257647745267,0.05583948386086418,0.29828409753953633,0.07241635535146412,0.05631738111295499,0.25395410089896214,0.11776899401618077
267,267.0,267.2,0.07069453593910113,0.07396492094861659,0.05548620260576781,0.3008190601668862,0.07190665715122234,0.05606490630947151,0.2537488105694627,0.1173149063094715
268,268.0,268.2,0.06082860767439313,0.07635843662725089,0.055525577371362836,0.3078484373033265,0.07179479124927235,0.05249527434105981,0.26159299503166833,0.11355588040166587
269,269.0,269.2,0.060394218186812156,0.07569508598999264,0.05500206132406706,0.30961656910682855,0.07112502299717294,0.054188544427946926,0.2560352601725241,0.11794323779465529
270,270.0,270.2,0.059240701413730154,0.07136605832632112,0.05384854455098507,0.3183280757623686,0.06974602056266634,0.052990701413730155,0.25769017694862495,0.1167897210215733
271,271.0,271.2,0.05813014094526696,0.06924125205637807,0.05273798408252187,0.3264499688764394,0.06841925659152547,0.051837623938464236,0.2604457894268818,0.11273798408252186
272,272.0,272.2,0.05775542379113805,0.06874894282037136,0.05227923331494758,0.32652086780658207,0.06792209045780472,0.051422090457804714,0.26307211803640373,0.11227923331494757
273,273.0,273.2,0.057121137989376,0.06787516591633624,0.05434336021159823,0.32399599004756163,0.0670851235836137,0.05074858896976816,0.26536028894316344,0.11347034433858236
274,274.0,274.2,0.05674590459884575,0.06727079147667378,0.05652067937362053,0.31989901698725226,0.06651513536807652,0.05033564818858934,0.2663594548006312,0.11635336920631037
275,275.0,275.2,0.04922748581519536,0.06726293076240501,0.05712222265730062,0.30937739796858316,0.058809431801136916,0.058806585960333245,0.2822967850343865,0.11709716000065899
276,276.0,276.2,0.0481172949214556,0.07506955117787252,0.055809602613763276,0.304620603770532,0.060083106887267534,0.057661454465615124,0.28271889343984036,0.11591949272365339
277,277.0,277.2,0.04767100823704594,0.0744186316827826,0.055171008237045925,0.31409538574632917,0.05939913859725179,0.04948919005522776,0.28261493223757367,0.11714070520674291
278,278.0,278.2,0.046657338758080785,0.0726590343955816,0.054157338758080785,0.3195206719543628,0.05821818531892735,0.04844305304379508,0.28709166734408637,0.113252710427085
279,279.0,279.2,0.04572035432313785,0.08262192874196952,0.05303742749386956,0.32057662144735555,0.05705890024448222,0.047474740288050134,0.2797256487477532,0.11378437871338173
280,280.0,280.2,0.045002757459653986,0.08124674495364148,0.052145614602511124,0.3184083652618135,0.06237755220513839,0.04672689539068847,0.2811780572556435,0.11291401287090941
281,281.0,281.2,0.04438175267916895,0.08006042798757941,0.05135849686521545,0.32286369343086474,0.06118320470823069,0.04607666793340624,0.28192724585042833,0.11214851054510604
282,282.0,282.2,0.04369950492297738,0.08446994083067891,0.05467624910902389,0.3208754289305314,0.060028917735950746,0.04536617158964405,0.2820015577057243,0.10888222917546908
283,283.0,283.2,0.045631824531439304,0.08194901946932391,0.05452523538415248,0.32589044704697023,0.05979593679796458,0.04518783546040106,0.2783678509385156,0.1086518503712326
284,284.0,284.2,0.04551756784103666,0.08174709474852968,0.054453495700552565,0.3262144062624507,0.05966575176077029,0.04511609577680113,0.27870547722222605,0.1085801106876327
285,285.0,285.2,0.04503765399270175,0.08064871554488731,0.05381973569837151,0.32794076567302066,0.05889344025161665,0.04463618192846623,0.27938484853317636,0.10963865837775932
286,286.0,286.2,0.044523577164773134,0.07949110963230561,0.05316320872799274,0.326277105728933,0.05814167556692471,0.044149427504909196,0.2819941734891901,0.11225972218497131
287,287.0,287.2,0.04397312798163569,0.07838250275986293,0.05252130073911078,0.3281444216370476,0.057339302663479454,0.04363979464830236,0.2829978326747795,0.11300171689578153
288,288.0,288.2,0.043571628829154684,0.07908168329082203,0.05200045490503957,0.32932146268186463,0.056572865572109145,0.043250188777724276,0.28361513663633203,0.11258657930695345
289,289.0,289.2,0.04339366632235899,0.07880131423000691,0.0517086846373773,0.3299466389109852,0.05625157901898137,0.043083492625088524,0.28441880511490014,0.1123958191403013
290,290.0,290.2,0.04295075340205081,0.07793181607190067,0.051157128651083975,0.3279343573183433,0.05710950960346493,0.042651262536522204,0.28842309560920587,0.11184207680742801
291,291.0,291.2,0.042580560594522344,0.0771690563899147,0.05082187644453384,0.327351124221439,0.056493891627418594,0.04229120874267049,0.28937980797660334,0.11391247400289753
292,292.0,292.2,0.04223155398666073,0.07635828742271619,0.05050653987034226,0.3281226224303223,0.05596228521195716,0.04197587216847891,0.29139687537712566,0.11344596353239655
293,293.0,293.2,0.042032221401786585,0.0760345524041176,0.050339674817935644,0.32675693871346045,0.0556511893903198,0.041784968654533836,0.2964396617874879,0.11096079283035802
294,294.0,294.2,0.041670845145217614,0.07155261364993695,0.049747713765778565,0.33233833761166404,0.05513502784568253,0.04143161069545685,0.2963996436736548,0.11172420761260846
295,295.0,295.2,0.04134814918768916,0.07095917369519898,0.04929203908484585,0.332037809317236,0.05447847428286107,0.04269920376201617,0.2979157882968043,0.11126936237334824
296,296.0,296.2,0.04300288314559536,0.06528735248888824,0.05084947005622168,0.3324768259794339,0.059550498360263604,0.04433663503715659,0.2916686023068231,0.11282773262561727
297,297.0,297.2,0.04273885676209512,0.06480579948121175,0.050462994693129606,0.33227787296827777,0.05885322814783082,0.04405129578068108,0.2943428642821446,0.11246708788462911
298,298.0,298.2,0.04154712209721466,0.07069600003919606,0.049153612969425615,0.3322268032650341,0.05892662562276281,0.0428388571820532,0.29333562560456466,0.11127535321974864
299,299.0,299.2,0.041436329542784436,0.0724826258257605,0.048958920919846875,0.3302047034305537,0.05866650328405866,0.04276276821857894,0.29426876379779626,0.11121938498062048
300,300.0,300.2,0.041181271557363903,0.07201813198695842,0.04862325811125677,0.32725662909060793,0.05802017128988758,0.04596467286746154,0.29594328951369314,0.11099257558277056
301,301.0,301.2,0.04094708320825925,0.07489129034071207,0.04828424795921711,0.32701193328035827,0.05738797615600152,0.045596516114431,0.2952150726453751,0.11066588029564557
302,302.0,302.2,0.039050780084215225,0.07438732844771896,0.047953601400829646,0.32717982591818817,0.05683556925212414,0.045215239474481056,0.2990556657049488,0.11032198971749385
303,303.0,303.2,0.03908428026973107,0.07408789996085077,0.04444142312687393,0.33005614821495965,0.05650738194283274,0.0451051136030644,0.29553393557491925,0.11518381730676812
304,304.0,304.2,0.03872145992599847,0.06343228528485016,0.04398461782073532,0.3331359355788927,0.055799609846253664,0.04463005242998572,0.2945018751056527,0.12579416400763113
305,305.0,305.2,0.03837788262337875,0.06281003139032654,0.0435502964164822,0.329685920065931,0.05512654711144753,0.0441802603926683,0.29991488627293844,0.12635417572682703
306,306.0,306.2,0.038250904481372534,0.0625854778715915,0.043335650244084395,0.32801449644773123,0.054852481701095315,0.04403663223401206,0.302775590807841,0.12614876621227178
307,307.0,307.2,0.03817843475353015,0.06246856271538488,0.04317843475353015,0.3236122498915463,0.05463689934676763,0.04561124046054142,0.3062628931497605,0.12605128492893872
308,308.0,308.2,0.03787117326311139,0.06339054748138581,0.044376507637298224,0.3214618328513846,0.05402227159412256,0.045152919294857444,0.30708678584793964,0.12663796202990016
309,309.0,309.2,0.03771149806196344,0.05295979574405988,0.04413750932668438,0.3242997198255182,0.05356822844826372,0.04489844691557897,0.30594651484917895,0.1364782868287522
310,310.0,310.2,0.03761912414833378,0.05278009179686364,0.043968330497540134,0.3231099564607416,0.05334373377538244,0.04479101729583669,0.30807440205067227,0.13631334397462908
311,311.0,311.2,0.036501205480654435,0.05274991024711386,0.04275120548065443,0.32066960319466176,0.052097074730009574,0.04517130253554064,0.30675613228522614,0.14330356604613886
312,312.0,312.2,0.03640277967995646,0.05250863006029612,0.042556625833802625,0.32167831942212405,0.051873159367203624,0.04498641826359505,0.30681296558911947,0.1431811017839024
313,313.0,313.2,0.03635153148910261,0.04676278690035803,0.042412137549708684,0.3275697359426012,0.0518582796429096,0.044930599479935315,0.3070782666276025,0.14303666236778187
314,314.0,314.2,0.03534336378168233,0.045641856255668516,0.04138135564056973,0.32842024179716767,0.05059464540779298,0.04376154419743304,0.3059840547875333,0.14887293813215222
315,315.0,315.2,0.03525219338560949,0.04688874954689156,0.04120039356120213,0.32487936767032544,0.05038635949704644,0.04359116115662595,0.3090419565243581,0.1487598186579407
316,316.0,316.2,0.035090094401272774,0.04661884855763537,0.04097244734244925,0.3213423155485313,0.05010996859964597,0.04341600052129656,0.3130950295979888,0.1493552954311797
317,317.0,317.2,0.03504575295718714,0.046490687196239035,0.04092810589836362,0.31803601429344985,0.049975369679599646,0.04482947918175938,0.315383636806307,0.14931095398709404
318,318.0,318.2,0.034947499507271294,0.04626794932862631,0.040787226702497216,0.31703077137651403,0.04978887425941936,0.04463348984543555,0.31742014138337304,0.14912404759686287
319,319.0,319.2,0.03477640576038743,0.0459955768765837,0.04057350720966278,0.31980198456170994,0.0493600242570494,0.04437511101126659,0.31622937153829594,0.14888801878504393
320,320.0,320.2,0.03461200698614882,0.04573233593256474,0.04036770056792936,0.32103596060689876,0.05024696699181822,0.044127643904531735,0.31521642164090674,0.14866096336920132
321,321.0,321.2,0.0344538795463123,0.04547771486592226,0.04016933167940068,0.3215301702375095,0.04983453149482865,0.04389035237689452,0.3162016799375227,0.1484423398616092
322,322.0,322.2,0.034301637258329826,0.04523124374268802,0.03997796576074528,0.3187731676678423,0.05193747453257791,0.043662568494839224,0.31618937506870765,0.14992656747426963
323,323.0,323.2,0.03406580060303099,0.04490336327753751,0.03970407735506593,0.32120584303429406,0.05140475246495294,0.043354558021497624,0.31504260770964343,0.15031899753397732
324,324.0,324.2,0.03384026569424241,0.04458789356620286,0.039441519121582794,0.3204531489364272,0.05089360349319426,0.04305998619113683,0.31703981867757636,0.15068376431963698
325,325.0,325.2,0.033635276037039405,0.0443498301848692,0.03920049342834375,0.3182807789279619,0.05277205322393832,0.04278888671671516,0.3179383092932432,0.1510343721878887
326,326.0,326.2,0.03351406382646409,0.04419638119663126,0.039044193498470194,0.3197511348794841,0.05236510905806916,0.04260430071173203,0.31768846176735,0.1508363550617988
327,327.0,327.2,0.033386053861597306,0.04398211540874582,0.03888200718363759,0.31816768225735614,0.05192952428006773,0.0424154785431959,0.320603198130372,0.15063394033502725
328,328.0,328.2,0.033262210760707844,0.04377392253088982,0.03872486404944808,0.31674860804347704,0.05150916831006208,0.04440713829693972,0.3211361061589527,0.15043798184952242
329,329.0,329.2,0.033155443980049194,0.04359583949493433,0.03854423240681232,0.3182503853713678,0.05327553487963277,0.044115147853172075,0.3187529048789148,0.15031051113511634
330,330.0,330.2,0.03299714761567292,0.04340835493542983,0.03835429047281578,0.3172365184439901,0.05282759170230152,0.04385849215348805,0.32056478930496096,0.1507528153713407
331,331.0,331.2,0.0329252231182587,0.04326769523956533,0.03821126032917854,0.3179035708436796,0.05272717345512919,0.04370608475868952,0.32066815217584854,0.15059084007965035
332,332.0,332.2,0.03276406146676977,0.04507032109494733,0.03798086363479145,0.32120360224752387,0.05246855546960335,0.04137382414206643,0.3182275078939544,0.1509112640503431
333,333.0,333.2,0.03257658048598254,0.044775094044456475,0.03772594506759667,0.3201244384618481,0.05404478716933551,0.04105838732884613,0.31851604641585796,0.15117872102607635
334,334.0,334.2,0.03239497680802027,0.04443756185060531,0.03747863189167536,0.3218537245493767,0.053560810973854435,0.04076192067496413,0.3180848856718422,0.15142748757966148
335,335.0,335.2,0.03228098798047645,0.04417186607084303,0.03730059582361371,0.3212997433086947,0.053155274818957654,0.04053664408907374,0.32002151897548314,0.1512333689328574
336,336.0,336.2,0.03217109090157948,0.04396380628690353,0.03712825124429674,0.3220351970420777,0.05275713576444354,0.04162549614545839,0.31927345679396735,0.15104556582127307
337,337.0,337.2,0.0320758063047294,0.04378469545952281,0.03697205947684463,0.32194657022691314,0.051394840031931545,0.04328629393031136,0.3196652269663162,0.15087450760343069
338,338.0,338.2,0.031920021619120234,0.04348666450817727,0.03675685145595006,0.32559813997905923,0.05094984193064035,0.04296856117233268,0.31713004155549956,0.1511898777792203
339,339.0,339.2,0.03180431323712633,0.04331331975348102,0.036615606812464854,0.3248509088673885,0.05060814700759392,0.04278551272299872,0.3184834461273878,0.15153874547155857
340,340.0,340.2,0.0317608807923781,0.042236355854083564,0.03657217436771662,0.32215922555070514,0.0503589444557598,0.042677145213315414,0.3214579094571794,0.15277736430886163
341,341.0,341.2,0.03170910678692273,0.04210368728405808,0.035396804856643274,0.3242362986925089,0.05008904798780077,0.04256271456625604,0.32117674952240366,0.15272559030340624
342,342.0,342.2,0.03158231181736689,0.041885566732511426,0.035257525492580565,0.3240760976108083,0.04970410995446945,0.04236677001561819,0.32208585515796606,0.15304176321867877
343,343.0,343.2,0.03155045932712328,0.041793855777416275,0.03521346299012694,0.32460821574694865,0.049631069649112916,0.042334917525374584,0.32185810825546185,0.15300991072843514
344,344.0,344.2,0.03144737623289099,0.041632097059290975,0.035098435318732676,0.32388449646716055,0.04948762594930262,0.04223183443114229,0.32294555155187504,0.1532725829896046
345,345.0,345.2,0.03131006868937639,0.04140803924048192,0.03494944007068325,0.32177343869877073,0.049101445265377804,0.04202758680076794,0.3259462003714532,0.15348378086308856
346,346.0,346.2,0.031236938160017092,0.04126168612186272,0.03487630954132395,0.32250642673300456,0.04879812164895245,0.041889618812697746,0.326074302702466,0.1533565962796752
347,347.0,347.2,0.031117400825281034,0.04107069395899445,0.0347567722065879,0.3221027688204853,0.04845506445811904,0.041707246661028506,0.3272191522735601,0.1535709007959435
348,348.0,348.2,0.031056041555674825,0.0409395793949688,0.03469541293698168,0.3210259943104751,0.048208734178181,0.04320590854425148,0.3274100520780784,0.15345827700138853
349,349.0,349.2,0.030996292107792783,0.04081170966514582,0.03463566348909964,0.31908432438937345,0.04955683841027456,0.04306935418085485,0.32849724025390226,0.15334857750355643
350,350.0,350.2,0.030934838267313913,0.04070503048142925,0.03456277061865052,0.3191890746675357,0.049301349702748465,0.042933495578471224,0.3275725025124966,0.15480093817135412
351,351.0,351.2,0.03091019869534104,0.04067157412229362,0.03453813104667765,0.31875075758015575,0.04926789334361283,0.04290885600649835,0.3282237589604697,0.15472883024495085
352,352.0,352.2,0.030870264629900713,0.040598948081988426,0.03449819698123731,0.3160808171454178,0.050622258105298454,0.04280499656463265,0.3299059570698485,0.1546185614216758
353,353.0,353.2,0.03084538988025535,0.040532818566317644,0.03447332223159194,0.3152308470752642,0.050539748573247646,0.04277193180679728,0.3310122551944953,0.1545936866720304
354,354.0,354.2,0.030809763872311498,0.040445479034342445,0.03442649801536142,0.31554652889416435,0.050436321525184936,0.042728262040809664,0.3298145180525043,0.1557926285653211
355,355.0,355.2,0.030759750464438664,0.0403447051434199,0.03436551969520789,0.3147149692772012,0.05120470060518527,0.04267034724229209,0.33025761523925684,0.15568239233299783
