,Unnamed: 0,Total_iterations,Intertwine_two,Invert_path_vertices,Insert_inside_vertex,Delete_inside_vertex,Replace_inside_vertex,Donate_between_routes,Trim_one_terminal_cb,Grow_one_terminal_cb
0,0.0,0.0,0.125,0.125,0.125,0.125,0.125,0.125,0.125,0.125
1,1.0,0.10900000000000001,0.125,0.125,0.125,0.125,0.125,0.125,0.125,0.125
2,2.0,0.31601,0.125,0.125,0.125,0.125,0.125,0.125,0.125,0.125
3,3.0,0.6191589000000001,0.125,0.125,0.125,0.125,0.125,0.125,0.125,0.125
4,4.0,1.015801321,0.125,0.125,0.125,0.125,0.125,0.125,0.125,0.125
5,5.0,1.50262148669,0.125,0.125,0.125,0.125,0.125,0.125,0.125,0.125
6,6.0,2.0757334209441005,0.125,0.125,0.125,0.125,0.125,0.125,0.125,0.125
7,7.0,2.7307768275633495,0.125,0.125,0.125,0.125,0.125,0.125,0.125,0.125
8,8.0,3.4630081252450404,0.125,0.125,0.125,0.125,0.125,0.125,0.125,0.125
9,9.0,4.2673862119061114,0.125,0.125,0.125,0.125,0.125,0.125,0.125,0.125
10,10.0,5.138652627782014,0.125,0.125,0.125,0.125,0.125,0.125,0.125,0.125
11,11.0,6.071405875792507,0.125,0.125,0.125,0.125,0.125,0.125,0.125,0.125
12,12.0,7.060169740244025,0.125,0.125,0.125,0.125,0.125,0.125,0.125,0.125
13,13.0,8.099455520847952,0.125,0.125,0.125,0.125,0.125,0.125,0.125,0.125
14,14.0,9.183818168183006,0.125,0.125,0.125,0.125,0.125,0.125,0.125,0.125
15,15.0,10.307906369102724,0.125,0.125,0.125,0.125,0.125,0.125,0.125,0.125
16,16.0,11.466506686239443,0.125,0.125,0.125,0.125,0.125,0.125,0.125,0.125
17,17.0,12.654581904800096,0.125,0.125,0.125,0.125,0.125,0.125,0.125,0.125
18,18.0,13.867303782456686,0.125,0.125,0.125,0.125,0.125,0.125,0.125,0.125
19,19.0,15.100080434523047,0.125,0.125,0.125,0.125,0.125,0.125,0.125,0.125
20,20.0,16.348578617037543,0.125,0.125,0.125,0.125,0.125,0.125,0.125,0.125
21,21.0,17.608741195130214,0.125,0.125,0.125,0.125,0.125,0.125,0.125,0.125
22,22.0,18.876800103462312,0.125,0.125,0.125,0.125,0.125,0.125,0.125,0.125
23,23.0,20.14928511992658,0.125,0.125,0.125,0.125,0.125,0.125,0.125,0.125
24,24.0,21.423028783545156,0.125,0.125,0.125,0.125,0.125,0.125,0.125,0.125
25,25.0,22.695167792966423,0.125,0.125,0.125,0.125,0.125,0.125,0.125,0.125
26,26.0,23.963141223515898,0.125,0.125,0.125,0.125,0.125,0.125,0.125,0.125
27,27.0,25.224685898775267,0.125,0.125,0.125,0.125,0.125,0.125,0.125,0.125
28,28.0,26.477829247520948,0.125,0.125,0.125,0.125,0.125,0.125,0.125,0.125
29,29.0,27.720879968916847,0.125,0.125,0.125,0.125,0.125,0.125,0.125,0.125
30,30.0,28.95241681848399,0.125,0.125,0.125,0.125,0.125,0.125,0.125,0.125
31,31.0,30.17127581490958,0.125,0.125,0.125,0.125,0.125,0.125,0.125,0.125
32,32.0,31.376536153543515,0.125,0.125,0.125,0.125,0.125,0.125,0.125,0.125
33,33.0,32.567505096778625,0.125,0.125,0.125,0.125,0.125,0.125,0.125,0.125
34,34.0,33.74370209472243,0.125,0.125,0.125,0.125,0.125,0.125,0.125,0.125
35,35.0,34.90484237192463,0.125,0.125,0.125,0.125,0.125,0.125,0.125,0.125
36,36.0,36.05082019768737,0.125,0.125,0.125,0.125,0.125,0.125,0.125,0.125
37,37.0,37.18169203889697,0.125,0.125,0.125,0.125,0.125,0.125,0.125,0.125
38,38.0,38.29765977559663,0.125,0.125,0.125,0.125,0.125,0.125,0.125,0.125
39,39.0,39.399054140870355,0.125,0.125,0.125,0.125,0.125,0.125,0.125,0.125
40,40.0,40.48631852820801,0.125,0.125,0.125,0.125,0.125,0.125,0.125,0.125
41,41.0,41.55999329152982,0.125,0.125,0.125,0.125,0.125,0.125,0.125,0.125
42,42.0,42.62070064560415,0.125,0.125,0.125,0.125,0.125,0.125,0.125,0.125
43,43.0,43.669130257815,0.125,0.125,0.125,0.125,0.125,0.125,0.125,0.125
44,44.0,44.70602560622662,0.125,0.125,0.125,0.125,0.125,0.125,0.125,0.125
45,45.0,45.73217116373481,0.125,0.125,0.125,0.125,0.125,0.125,0.125,0.125
46,46.0,46.748380453854836,0.125,0.125,0.125,0.125,0.125,0.125,0.125,0.125
47,47.0,47.755485010424316,0.125,0.125,0.125,0.125,0.125,0.125,0.125,0.125
48,48.0,48.7543242612326,0.125,0.125,0.125,0.125,0.125,0.125,0.125,0.125
49,49.0,49.745736344347726,0.125,0.125,0.125,0.125,0.125,0.125,0.125,0.125
50,50.0,50.730549855707864,0.125,0.125,0.125,0.125,0.125,0.125,0.125,0.125
51,51.0,51.70957651737491,0.125,0.125,0.125,0.125,0.125,0.125,0.125,0.125
52,52.0,52.68360474770151,0.125,0.125,0.125,0.125,0.125,0.125,0.125,0.125
53,53.0,53.65339410751842,0.125,0.125,0.125,0.125,0.125,0.125,0.125,0.125
54,54.0,54.61967059027847,0.125,0.125,0.125,0.125,0.125,0.125,0.125,0.125
55,55.0,55.58312271885972,0.125,0.125,0.125,0.125,0.125,0.125,0.125,0.125
56,56.0,56.544398407394254,0.125,0.125,0.125,0.125,0.125,0.125,0.125,0.125
57,57.0,57.504102543001395,0.125,0.125,0.125,0.125,0.125,0.125,0.125,0.125
58,58.0,58.462795239617805,0.125,0.125,0.125,0.125,0.125,0.125,0.125,0.125
59,59.0,59.42099071417639,0.125,0.125,0.125,0.125,0.125,0.125,0.125,0.125
60,60.0,60.379156734137354,0.125,0.125,0.125,0.125,0.125,0.125,0.125,0.125
61,61.0,61.337714584760846,0.125,0.125,0.125,0.125,0.125,0.125,0.125,0.125
62,62.0,62.29703950447439,0.125,0.125,0.125,0.125,0.125,0.125,0.125,0.125
63,63.0,63.257461537171835,0.125,0.125,0.125,0.125,0.125,0.125,0.125,0.125
64,64.0,64.21926675122782,0.125,0.125,0.125,0.125,0.125,0.125,0.125,0.125
65,65.0,65.18269877636592,0.125,0.125,0.125,0.125,0.125,0.125,0.125,0.125
66,66.0,66.14796061122655,0.125,0.125,0.125,0.125,0.125,0.125,0.125,0.125
67,67.0,67.11521665648885,0.125,0.125,0.125,0.125,0.125,0.125,0.125,0.125
68,68.0,68.08459493066005,0.125,0.125,0.125,0.125,0.125,0.125,0.125,0.125
69,69.0,69.05618942810752,0.125,0.125,0.125,0.125,0.125,0.125,0.125,0.125
70,70.0,70.03006258152917,0.125,0.125,0.125,0.125,0.125,0.125,0.125,0.125
71,71.0,71.00624779379335,0.125,0.125,0.125,0.125,0.125,0.125,0.125,0.125
72,72.0,71.98475200689319,0.125,0.125,0.125,0.125,0.125,0.125,0.125,0.125
73,73.0,72.96555827861411,0.125,0.125,0.125,0.125,0.125,0.125,0.125,0.125
74,74.0,73.94862834037681,0.125,0.125,0.125,0.125,0.125,0.125,0.125,0.125
75,75.0,74.93390511255946,0.125,0.125,0.125,0.125,0.125,0.125,0.125,0.125
76,76.0,75.92131515639825,0.125,0.125,0.125,0.125,0.125,0.125,0.125,0.125
77,77.0,76.91077104428919,0.125,0.125,0.125,0.125,0.125,0.125,0.125,0.125
78,78.0,77.90217363294813,0.125,0.125,0.125,0.125,0.125,0.125,0.125,0.125
79,79.0,78.89541422641172,0.125,0.125,0.125,0.125,0.125,0.125,0.125,0.125
80,80.0,79.89037661826481,0.125,0.125,0.125,0.125,0.125,0.125,0.125,0.125
81,81.0,80.88693900474995,0.125,0.125,0.125,0.125,0.125,0.125,0.125,0.125
82,82.0,81.88497576253909,0.125,0.125,0.125,0.125,0.125,0.125,0.125,0.125
83,83.0,82.88435908692391,0.125,0.125,0.125,0.125,0.125,0.125,0.125,0.125
84,84.0,83.88496048800103,0.125,0.125,0.125,0.125,0.125,0.125,0.125,0.125
85,85.0,84.88665214409042,0.125,0.125,0.125,0.125,0.125,0.125,0.125,0.125
86,86.0,85.88930811312994,0.125,0.125,0.125,0.125,0.125,0.125,0.125,0.125
87,87.0,86.89280540413424,0.125,0.125,0.125,0.125,0.125,0.125,0.125,0.125
88,88.0,87.89702491199675,0.125,0.125,0.125,0.125,0.125,0.125,0.125,0.125
89,89.0,88.90185221995306,0.125,0.125,0.125,0.125,0.125,0.125,0.125,0.125
90,90.0,89.90717827491419,0.125,0.125,0.125,0.125,0.125,0.125,0.125,0.125
91,91.0,90.91289994163006,0.125,0.125,0.125,0.125,0.125,0.125,0.125,0.125
92,92.0,91.91892044225806,0.125,0.125,0.125,0.125,0.125,0.125,0.125,0.125
93,93.0,92.92514968840067,0.125,0.125,0.125,0.125,0.125,0.125,0.125,0.125
94,94.0,93.941504513045,0.125,0.125,0.125,0.125,0.125,0.125,0.125,0.125
95,95.0,94.95780881009446,0.125,0.125,0.125,0.125,0.125,0.125,0.125,0.125
96,96.0,95.97390458933803,0.125,0.125,0.125,0.125,0.125,0.125,0.125,0.125
97,97.0,96.98965174476388,0.125,0.125,0.125,0.125,0.125,0.125,0.125,0.125
98,98.0,98.01492766719949,0.125,0.125,0.125,0.125,0.125,0.125,0.125,0.125
99,99.0,99.03952672071955,0.125,0.125,0.125,0.125,0.125,0.125,0.125,0.125
100,100.0,100.0632706016804,0.125,0.125,0.125,0.125,0.125,0.125,0.125,0.125
101,101.0,101.08600738852837,0.125,0.125,0.125,0.125,0.125,0.125,0.125,0.125
102,102.0,102.10761042280625,0.125,0.125,0.125,0.125,0.125,0.125,0.125,0.125
103,103.0,103.1279770494283,0.125,0.125,0.125,0.125,0.125,0.125,0.125,0.125
104,104.0,104.14702724289386,0.125,0.125,0.125,0.125,0.125,0.125,0.125,0.125
105,105.0,105.1647021445839,0.125,0.125,0.125,0.125,0.125,0.125,0.125,0.125
106,106.0,106.18096253465912,0.125,0.125,0.125,0.125,0.125,0.125,0.125,0.125
107,107.0,107.19578726038021,0.125,0.125,0.125,0.125,0.125,0.125,0.125,0.125
108,108.0,108.2091716409254,0.125,0.125,0.125,0.125,0.125,0.125,0.125,0.125
109,109.0,109.22112586700683,0.125,0.125,0.125,0.125,0.125,0.125,0.125,0.125
110,110.0,110.23167341181004,0.125,0.125,0.125,0.125,0.125,0.125,0.125,0.125
111,111.0,111.24084946801482,0.125,0.125,0.125,0.125,0.125,0.125,0.125,0.125
112,112.0,112.24869942391898,0.125,0.125,0.125,0.125,0.125,0.125,0.125,0.125
113,113.0,113.25527738999352,0.125,0.125,0.125,0.125,0.125,0.125,0.125,0.125
114,114.0,114.26064478556069,0.125,0.125,0.125,0.125,0.125,0.125,0.125,0.125
115,115.0,115.26486899371552,0.125,0.125,0.125,0.125,0.125,0.125,0.125,0.125
116,116.0,116.26802209111773,0.125,0.125,0.125,0.125,0.125,0.125,0.125,0.125
117,117.0,117.27017965786854,0.125,0.125,0.125,0.125,0.125,0.125,0.125,0.125
118,118.0,118.27141967136558,0.125,0.125,0.125,0.125,0.125,0.125,0.125,0.125
119,119.0,119.27182148679925,0.125,0.125,0.125,0.125,0.125,0.125,0.125,0.125
120,120.0,120.27146490582157,0.125,0.125,0.125,0.125,0.125,0.125,0.125,0.125
121,121.0,121.27042933388346,0.125,0.125,0.125,0.125,0.125,0.125,0.125,0.125
122,122.0,122.2687930258003,0.125,0.125,0.125,0.125,0.125,0.125,0.125,0.125
123,123.0,123.26663241826748,0.125,0.125,0.125,0.125,0.125,0.125,0.125,0.125
124,124.0,124.26402154730526,0.125,0.125,0.125,0.125,0.125,0.125,0.125,0.125
125,125.0,125.2610315479662,0.125,0.125,0.125,0.125,0.125,0.125,0.125,0.125
126,126.0,126.25773023308139,0.125,0.125,0.125,0.125,0.125,0.125,0.125,0.125
127,127.0,127.25418174735425,0.125,0.125,0.125,0.125,0.125,0.125,0.125,0.125
128,128.0,128.25044629272628,0.125,0.125,0.125,0.125,0.125,0.125,0.125,0.125
129,129.0,129.24657992063385,0.125,0.125,0.125,0.125,0.125,0.125,0.125,0.125
130,130.0,130.24263438654432,0.125,0.125,0.125,0.125,0.125,0.125,0.125,0.125
131,131.0,131.2386570619983,0.125,0.125,0.125,0.125,0.125,0.125,0.125,0.125
132,132.0,132.23469089928693,0.125,0.125,0.125,0.125,0.125,0.125,0.125,0.125
133,133.0,133.23077444385382,0.125,0.125,0.125,0.125,0.125,0.125,0.125,0.125
134,134.0,134.22694188952545,0.125,0.125,0.125,0.125,0.125,0.125,0.125,0.125
135,135.0,135.22322317173467,0.125,0.125,0.125,0.125,0.125,0.125,0.125,0.125
136,136.0,136.21964409400562,0.125,0.125,0.125,0.125,0.125,0.125,0.125,0.125
137,137.0,137.21622648310944,0.125,0.125,0.125,0.125,0.125,0.125,0.125,0.125
138,138.0,138.21298836847177,0.125,0.125,0.125,0.125,0.125,0.125,0.125,0.125
139,139.0,139.20994418161317,0.125,0.125,0.125,0.125,0.125,0.125,0.125,0.125
140,140.0,140.2071049716243,0.125,0.125,0.125,0.125,0.125,0.125,0.125,0.125
141,141.0,141.20447863291804,0.125,0.125,0.125,0.125,0.125,0.125,0.125,0.125
142,142.0,142.20207014175324,0.125,0.125,0.125,0.125,0.125,0.125,0.125,0.125
143,143.0,143.19988179828738,0.125,0.125,0.125,0.125,0.125,0.125,0.125,0.125
144,144.0,144.19791347118522,0.125,0.125,0.125,0.125,0.125,0.125,0.125,0.125
145,145.0,145.19616284208143,0.125,0.125,0.125,0.125,0.125,0.125,0.125,0.125
146,146.0,146.19462564746723,0.125,0.125,0.125,0.125,0.125,0.125,0.125,0.125
147,147.0,147.19329591583977,0.125,0.125,0.125,0.125,0.125,0.125,0.125,0.125
148,148.0,148.19216619821665,0.125,0.125,0.125,0.125,0.125,0.125,0.125,0.125
149,149.0,149.19122779037366,0.125,0.125,0.125,0.125,0.125,0.125,0.125,0.125
150,150.0,150.19047094541125,0.125,0.125,0.125,0.125,0.125,0.125,0.125,0.125
151,151.0,151.18988507549096,0.125,0.125,0.125,0.125,0.125,0.125,0.125,0.125
152,152.0,152.1894589418078,0.125,0.125,0.125,0.125,0.125,0.125,0.125,0.125
153,153.0,153.1891808320749,0.125,0.125,0.125,0.125,0.125,0.125,0.125,0.125
154,154.0,154.1890387249945,0.125,0.125,0.125,0.125,0.125,0.125,0.125,0.125
155,155.0,155.18902044137224,0.125,0.125,0.125,0.125,0.125,0.125,0.125,0.125
156,156.0,156.18911378169847,0.125,0.125,0.125,0.125,0.125,0.125,0.125,0.125
157,157.0,157.18930665017507,0.125,0.125,0.125,0.125,0.125,0.125,0.125,0.125
158,158.0,158.18958716530227,0.125,0.125,0.125,0.125,0.125,0.125,0.125,0.125
159,159.0,159.1899437572637,0.125,0.125,0.125,0.125,0.125,0.125,0.125,0.125
160,160.0,160.1903652524564,0.125,0.125,0.125,0.125,0.125,0.125,0.125,0.125
161,161.0,161.19084094560523,0.125,0.125,0.125,0.125,0.125,0.125,0.125,0.125
162,162.0,162.19136065998313,0.125,0.125,0.125,0.125,0.125,0.125,0.125,0.125
163,163.0,163.19191479632343,0.125,0.125,0.125,0.125,0.125,0.125,0.125,0.125
164,164.0,164.19249437106643,0.125,0.125,0.125,0.125,0.125,0.125,0.125,0.125
165,165.0,165.1930910446245,0.125,0.125,0.125,0.125,0.125,0.125,0.125,0.125
166,166.0,166.19369714038052,0.125,0.125,0.125,0.125,0.125,0.125,0.125,0.125
167,167.0,167.1943056551571,0.125,0.125,0.125,0.125,0.125,0.125,0.125,0.125
168,168.0,168.19491026190448,0.125,0.125,0.125,0.125,0.125,0.125,0.125,0.125
169,169.0,169.19550530535807,0.125,0.125,0.125,0.125,0.125,0.125,0.125,0.125
170,170.0,170.1960857914127,0.125,0.125,0.125,0.125,0.125,0.125,0.125,0.125
171,171.0,171.19664737094777,0.125,0.125,0.125,0.125,0.125,0.125,0.125,0.125
172,172.0,172.19718631881986,0.125,0.125,0.125,0.125,0.125,0.125,0.125,0.125
173,173.0,173.1976995087165,0.125,0.125,0.125,0.125,0.125,0.125,0.125,0.125
174,174.0,174.19818438453635,0.125,0.125,0.125,0.125,0.125,0.125,0.125,0.125
175,175.0,175.19863892892886,0.125,0.125,0.125,0.125,0.125,0.125,0.125,0.125
176,176.0,176.19906162959282,0.125,0.125,0.125,0.125,0.125,0.125,0.125,0.125
177,177.0,177.19945144389445,0.125,0.125,0.125,0.125,0.125,0.125,0.125,0.125
178,178.0,178.19980776232697,0.125,0.125,0.125,0.125,0.125,0.125,0.125,0.125
179,179.0,179.20013037129294,0.125,0.125,0.125,0.125,0.125,0.125,0.125,0.125
180,180.0,180.20041941564943,0.125,0.125,0.125,0.125,0.125,0.125,0.125,0.125
181,181.0,181.20067536141377,0.125,0.125,0.125,0.125,0.125,0.125,0.125,0.125
182,182.0,182.20089895898752,0.125,0.125,0.125,0.125,0.125,0.125,0.125,0.125
183,183.0,183.20109120721403,0.125,0.125,0.125,0.125,0.125,0.125,0.125,0.125
184,184.0,184.20125331854572,0.125,0.125,0.125,0.125,0.125,0.125,0.125,0.125
185,185.0,185.20138668555884,0.125,0.125,0.125,0.125,0.125,0.125,0.125,0.125
186,186.0,186.20149284901504,0.125,0.125,0.125,0.125,0.125,0.125,0.125,0.125
187,187.0,187.20157346763548,0.125,0.125,0.125,0.125,0.125,0.125,0.125,0.125
188,188.0,188.2016302897175,0.125,0.125,0.125,0.125,0.125,0.125,0.125,0.125
189,189.0,189.20166512669414,0.125,0.125,0.125,0.125,0.125,0.125,0.125,0.125
190,190.0,190.2016798287062,0.125,0.125,0.125,0.125,0.125,0.125,0.125,0.125
191,191.0,191.20167626223,0.125,0.125,0.125,0.125,0.125,0.125,0.125,0.125
192,192.0,192.2016562897791,0.125,0.125,0.125,0.125,0.125,0.125,0.125,0.125
193,193.0,193.20162175167548,0.125,0.125,0.125,0.125,0.125,0.125,0.125,0.125
194,194.0,194.20157444986546,0.125,0.125,0.125,0.125,0.125,0.125,0.125,0.125
195,195.0,195.20151613373784,0.125,0.125,0.125,0.125,0.125,0.125,0.125,0.125
196,196.0,196.20144848788559,0.125,0.125,0.125,0.125,0.125,0.125,0.125,0.125
197,197.0,197.2013731217397,0.125,0.125,0.125,0.125,0.125,0.125,0.125,0.125
198,198.0,198.201291560991,0.125,0.125,0.125,0.125,0.125,0.125,0.125,0.125
199,199.0,199.20120524070728,0.125,0.125,0.125,0.125,0.125,0.125,0.125,0.125
200,200.0,200.20111550004486,0.12472222222222223,0.12583333333333332,0.12472222222222223,0.12472222222222223,0.12583333333333335,0.12472222222222223,0.12472222222222223,0.12472222222222223
201,201.0,201.20102357844823,0.12394722222222224,0.12815833333333332,0.12505833333333333,0.12394722222222224,0.12604722222222223,0.12394722222222224,0.12494722222222224,0.12394722222222224
202,202.0,202.20093061322677,0.12454105808080809,0.12981116919191918,0.12493398737373737,0.12272287626262628,0.12570096717171717,0.12272287626262628,0.1257330782828283,0.12383398737373738
203,203.0,203.2008376383952,0.12483515027777779,0.1311167713888889,0.12354748361111112,0.12220181694444446,0.12512222694444444,0.12247959472222224,0.12628402805555555,0.12441292805555557
204,204.0,204.20074558466285,0.12416772106851207,0.13147209864372572,0.12127783060231158,0.12074375137154236,0.12358304445336052,0.12269396504675603,0.13107473487814686,0.12498685393564493
205,205.0,205.2006552804571,0.1233958703900006,0.1316652063746758,0.1189326209986253,0.11921123432939454,0.12194912925403087,0.12381465954306975,0.13558417067824455,0.12544710843195866
206,206.0,206.20056745386736,0.1226377588959531,0.13181038545681828,0.11664286255557779,0.11772703613534705,0.12034629376927336,0.12493983884902225,0.13999536820009706,0.12590045613791115
207,207.0,207.2004827353979,0.1209563703396402,0.13074492079815636,0.11437096268659061,0.11702461010997353,0.1205029650979851,0.1260028576356451,0.14410920413147518,0.12628810920053396
208,208.0,208.2004016614214,0.11930974741175265,0.12964998196880767,0.11218730508239814,0.11738170439556145,0.12069766980157595,0.12604875231645554,0.14806262792046423,0.1266622111029844
209,209.0,209.20032467822836,0.1174886575565046,0.1293172435519121,0.10988267987034063,0.11756657379593653,0.12059132416218879,0.1258565541330045,0.1524988132100799,0.12679815372003295
210,210.0,210.20025214657232,0.11473258786901407,0.1285637229803034,0.10741034528144036,0.12097130428232852,0.11957387122928984,0.12516808936964768,0.15628040005264143,0.12729967893533473
211,211.0,211.20018434661617,0.11176178117856435,0.12741983620597153,0.10476812260559762,0.12473113783254719,0.11815047571543871,0.12410225694439682,0.16074836908776527,0.12831802042971857
212,212.0,212.2001214831895,0.10922583195076857,0.12677130125217462,0.10182860480744703,0.1292114828432247,0.11687970653760986,0.122540713130955,0.1649632396796812,0.1285791197981391
213,213.0,213.20006369127356,0.10655728825731361,0.12573122046754934,0.09879389859518288,0.1336673878151115,0.11526559383556442,0.12069437377700504,0.16995969644331438,0.12933054080895895
214,214.0,214.20001104163651,0.10387590120488852,0.1238425252297831,0.0958386211504728,0.13870950968528684,0.11355252726280574,0.1187943836577214,0.17476651297354762,0.13062001883549407
215,215.0,215.1999635465468,0.10121384050030957,0.12258066780459512,0.092986622369572,0.1440739371293223,0.11232614541971585,0.11615306203510811,0.17892590474017936,0.13173982000119774
216,216.0,216.19992116550057,0.09868168040017627,0.12133861212646053,0.09029912351538974,0.15045657215568223,0.11106417702440609,0.11355684156006257,0.18259062372221893,0.13201236949560363
217,217.0,217.19988381090397,0.09626312317957401,0.11920989092370562,0.08859125365165794,0.15638494290167748,0.10977817346405616,0.11099854505710709,0.18659072540448793,0.13218334541773377
218,218.0,218.19985135365798,0.09402044467220624,0.11715335905972107,0.08708157912741941,0.16204299428568672,0.1085822993896747,0.10854941364351277,0.19025926390673414,0.13231064591504496
219,219.0,219.19982362860003,0.09191086474420414,0.11508712482403158,0.08655109143968151,0.16721070153959228,0.10805092916483723,0.1061754030768604,0.19266413873336596,0.13234974647742695
220,220.0,220.19980043976187,0.0903878042575461,0.11347964619298995,0.08660281170230646,0.17233462835307184,0.10792808483699647,0.10300504296542386,0.1927380399090509,0.1335239417826145
221,221.0,221.1997815654099,0.08859191050041527,0.11148592631401043,0.08636207054508273,0.17655418801183712,0.1073596814754174,0.10036707382558027,0.1950794079892384,0.13419974133841853
222,222.0,222.19976676283903,0.0867771675674956,0.10937367683747398,0.08606926335163276,0.1819285657560101,0.1073198035549048,0.09762927551753157,0.19654800413539197,0.13435424327955936
223,223.0,223.19975577289685,0.08496100202654139,0.10717343943737191,0.08572991901835991,0.18695430978550592,0.10773587838579424,0.0948840954697173,0.1982786765605185,0.13428267931619095
224,224.0,224.1997483242199,0.08321483404026424,0.10496913152656041,0.08540520094907783,0.19226105404270183,0.10863104910430049,0.09221283990309075,0.19948249774720336,0.13382339268680124
225,225.0,225.1997441371685,0.08158327893126062,0.10281723132013672,0.08513104709628161,0.19743956825818684,0.10884865344145603,0.08889975155417003,0.2015956150950683,0.13368485430344001
226,226.0,226.19974292745053,0.08002925226433685,0.10064940435849593,0.08532323404420682,0.20281407980054908,0.1099303452350868,0.08569251357842511,0.20236232292741202,0.13319884779148758
227,227.0,227.19974440942985,0.07898038286496123,0.09838925472027493,0.08535078480287019,0.20887888333300864,0.1110117164039234,0.08247689916574734,0.20264036185244821,0.13227171685676622
228,228.0,228.19974829911692,0.0780569165566948,0.09622860669946683,0.08541957210463924,0.2147268243177208,0.11195323083206331,0.0794461749602789,0.20287508583367878,0.13129358869545746
229,229.0,229.19975431684412,0.07724714377858369,0.09341926849164678,0.0855163805072601,0.22074691857324827,0.11284727196102072,0.07660375526842793,0.20268165435623853,0.13093760706357413
230,230.0,230.19976218963018,0.07648490931271446,0.09108217732186058,0.08617895182833799,0.22626010319582673,0.11353973555209629,0.07389635024307215,0.2020755390142784,0.13048223353181354
231,231.0,231.19977165324133,0.07577472285413656,0.08932940738358408,0.08665891205761815,0.23247166231674624,0.11404458094688466,0.07133917364943056,0.20110460525117063,0.1292769355404293
232,232.0,232.19978245395893,0.0751346719428971,0.08766624472923953,0.08711448460674948,0.23831440479972538,0.11506171198725713,0.06895896488645863,0.19972456805618485,0.12802494899148809
233,233.0,233.1997943500652,0.07456475351420909,0.08610084492452842,0.08754416249908997,0.24377110450631426,0.11593094875992045,0.06676243923955354,0.19858167396931498,0.12674407258706946
234,234.0,234.19980711306022,0.07482142130819558,0.08456330370307608,0.0878706728921533,0.24867829850487996,0.11650725726543489,0.06467762812433565,0.19750697965440134,0.1253744385475233
235,235.0,235.1998205286251,0.07509585484841914,0.08309233311617173,0.08800247225570647,0.25316390670513195,0.11690864355966661,0.06274061302255833,0.1970311526918181,0.12396502380052776
236,236.0,236.19983439734725,0.07485660127998711,0.08193795524982951,0.08820994842086485,0.2575709673908522,0.11688799134183737,0.061095719205695224,0.1974338484915028,0.12200696861943099
237,237.0,237.1998485352237,0.07464924190963326,0.08084843542892303,0.08837527900600027,0.2619125325250121,0.11670827418262243,0.05962200354360744,0.19781769574456354,0.12006653765963796
238,238.0,238.1998627739603,0.074394196238671,0.07972208101189811,0.08831226647303428,0.26606192719279376,0.11633582231726144,0.058238620704856,0.1988521779254515,0.11808290813603392
239,239.0,239.19987696108365,0.07416772405913502,0.07869183139685275,0.08811454145456701,0.2702437289577764,0.1158816560993685,0.05701931194075902,0.19973202918604113,0.11614917690550025
240,240.0,240.19989095988382,0.07393498988180025,0.07769523870896461,0.08776382558332747,0.274545556110312,0.11527558588975109,0.055925620069614226,0.2006137351670729,0.11424544858915746
241,241.0,241.1999046492051,0.07372411614749125,0.07676284757182297,0.08738304137099769,0.2779574612221303,0.11456247779833979,0.054981089220109164,0.20221603759108767,0.1124129290780212
242,242.0,242.19991792310222,0.07373225491075824,0.07593482941741059,0.08598325039917931,0.28196878332727926,0.11244786570186716,0.05426636684897353,0.20491770845745116,0.11074894093708076
243,243.0,243.1999306903786,0.07368810408173361,0.07559341046798271,0.08445208443264102,0.2849213673478187,0.11023299722635588,0.05361629987960437,0.20839178510561507,0.10910395145824867
244,244.0,244.19994287402358,0.07358583454528232,0.07577401796855937,0.08280624242129932,0.28769352014735877,0.1079151597456645,0.05301942385886431,0.2117247902255235,0.10748101108744793
245,245.0,245.1999544105638,0.07343137572666503,0.07585902288036372,0.08107231234846851,0.2909563902417287,0.1051923673393594,0.0524754833112513,0.2151198089754264,0.10589323917673689
246,246.0,246.19996524934436,0.07324768159795564,0.0758819896902425,0.07929206812395842,0.2939956883202406,0.10281230579562152,0.0520008145505999,0.21787394907702287,0.10489550284435853
247,247.0,247.19997535175344,0.07303648871813206,0.07587760630902522,0.07748426093033534,0.2965187399420268,0.10041906785049956,0.0519235465058354,0.22077822197218694,0.10396206777195863
248,248.0,248.19998469040408,0.07280774970404753,0.07581622382248238,0.07570742464504254,0.2988260408476636,0.09836396502786729,0.05189904991058829,0.22350493283457512,0.10307461320773324
249,249.0,249.19999324828558,0.07257134101992467,0.07575618906162401,0.07398206500075565,0.3011767606901752,0.09567091310287422,0.05192772382070854,0.22598140631958188,0.10293360098435586
250,250.0,250.20000101789608,0.07224551471262564,0.0760382247328788,0.07227707558950068,0.30352083973783556,0.09298546987377611,0.051960354989917454,0.22777493571380653,0.10319758464965921
251,251.0,251.2000080003666,0.07185095707369037,0.07582149439973569,0.07021666952948098,0.30599604481078824,0.09033956312375702,0.05200358242394698,0.22997094005931515,0.1038007485792855
252,252.0,252.2000142045864,0.07142891527148905,0.07552885533796215,0.06819491247984125,0.308152947680624,0.08775116328229238,0.05205287247452765,0.23248786071009772,0.10440247276316576
253,253.0,253.20001964633835,0.07092478712936125,0.07579911097208526,0.06619890351875236,0.3099131730150759,0.08520968069876185,0.052077861224325186,0.2345948926135099,0.10528159082812821
254,254.0,254.20002434745174,0.0703957816177602,0.07597693669819058,0.06426019060191891,0.31099559934002624,0.08276209408840697,0.05209491155588867,0.23699821994564732,0.10651626615216103
255,255.0,255.20002833497927,0.06986208979210701,0.07633039335166955,0.06241869067128763,0.31203464979964735,0.08043483612704147,0.05253337111897366,0.2386614428467166,0.10772452629255665
256,256.0,256.20003164040423,0.06933658875703605,0.07665801173658165,0.060675923968272205,0.31278261130119484,0.07824517858331319,0.05297843944942325,0.24016077489294,0.10916247131123874
257,257.0,257.20003429888266,0.06883018843109816,0.07694073468308069,0.05930264177624447,0.31308432585256196,0.07622595060163584,0.05342088518228213,0.24163066160026184,0.11056461187283485
258,258.0,258.20003634852446,0.06832135853380414,0.07713262689349216,0.05801239734391205,0.3137657459798418,0.07435561729278581,0.05357506703535063,0.2429549762448231,0.11188221067599022
259,259.0,259.20003782971685,0.06781082985872636,0.07749035528067875,0.05680446775033724,0.31389681559303406,0.07260066601414876,0.053694039485911296,0.2446041001970226,0.11309872582014083
260,260.0,260.2000387844928,0.06758879707862274,0.07803284405835466,0.05593422804465767,0.3131590295010795,0.07123598077363147,0.054045194032196486,0.2463912822103029,0.1136126443011545
261,261.0,261.2000392559462,0.06733740311185854,0.07851525640427014,0.05516257701709236,0.31235722625444967,0.07000638884274399,0.05437266460250051,0.24815118330804053,0.11409730045904419
262,262.0,262.20003928769484,0.06706792981889353,0.07896638686115634,0.054493032113607606,0.3113852658923853,0.06892731222309037,0.0546812046922205,0.2496989826182169,0.11477988578042934
263,263.0,263.2000389233916,0.06770944506615843,0.07924977191093702,0.053815277077187,0.3099864293439004,0.06786283247636593,0.05486787135992498,0.2512131839636354,0.11529518880189071
264,264.0,264.20003820628483,0.06784203449845416,0.0791685354776283,0.05324537136680402,0.30855385260692164,0.06692447072991368,0.05504690072190867,0.2534601344343931,0.11575870016397632
265,265.0,265.2000371788259,0.0679572253498262,0.07902840390051859,0.05274650544330396,0.3071823485188541,0.06608631006175246,0.05518554255146904,0.2554375818136642,0.11637608236061125
266,266.0,266.2000358823245,0.06806783795232513,0.07861594513637156,0.052095821459311166,0.3067194066897538,0.06535803828253314,0.055298681566024736,0.2569409253159151,0.1169033435977652
267,267.0,267.20003435665006,0.06817093354212841,0.07815253300916644,0.05151231437222354,0.3064719022147963,0.06472220703190089,0.05538544619424582,0.25824353719082144,0.11734112644471699
268,268.0,268.20003263997654,0.06730236277045029,0.07793293754193976,0.05103083435273962,0.3068955574804995,0.06421061681733008,0.05511336576395588,0.2601553590582441,0.11735896621484058
269,269.0,269.2000307685706,0.06641247257622132,0.07765322154856304,0.05059009816066075,0.3074631891982109,0.06375905054332583,0.05501163947115468,0.26133460161274435,0.11777572688911901
270,270.0,270.2000287766196,0.06543603718021296,0.07694899303257112,0.050122203542115634,0.3088667422087913,0.0632884003778098,0.054792070555779844,0.2625084181750025,0.11803713492771677
271,271.0,271.2000266960975,0.06438423591929428,0.0760468773941216,0.0496273057486674,0.3110367425652565,0.06279671503357986,0.05446113709299541,0.2637922319165967,0.11785475432948815
272,272.0,272.2000245566666,0.0633376021193143,0.07511768614253891,0.04916712944114511,0.3131509650422013,0.0623607070259803,0.05409550849687816,0.2651768327200865,0.11759356901185532
273,273.0,273.2000223856122,0.062276381335874355,0.07413034889248932,0.048990504492778135,0.31493497652319336,0.06194021696603984,0.053672358431178235,0.26663074338706655,0.11742446997138016
274,274.0,274.2000202078071,0.06123220685826039,0.0731187560937169,0.04910280251263829,0.316221499685299,0.061556226156715445,0.05322099159931633,0.2680264750286563,0.11752104206539735
275,275.0,275.2000180457044,0.05949574492744864,0.07214905685722442,0.049338203827490254,0.31636398380234665,0.06048965316374314,0.053633001793707724,0.2708596963271823,0.11767065930085681
276,276.0,276.2000159193549,0.05771922750922156,0.07200812832497974,0.0494966431948014,0.3159466742295468,0.05964030276505506,0.053941033660854426,0.2735661772234732,0.1176818130920678
277,277.0,277.20001384644684,0.055979713838498556,0.07184681492497948,0.049638508781899314,0.31640531310701653,0.05881191861845634,0.05343824010829533,0.276083141072072,0.11779634954878249
278,278.0,278.2000118423651,0.05422969753093681,0.07155139130383717,0.049720145856942385,0.3173375174439358,0.05795414975847301,0.0528416217093182,0.2788613999581172,0.11750407643843952
279,279.0,279.20000992026786,0.052485260822908386,0.07229287591036533,0.049726000027071414,0.31830392784156664,0.05706886963264804,0.05216384818800906,0.28070753376978425,0.11725168380764699
280,280.0,280.20000809117766,0.050775859034336714,0.07292598420572391,0.04967520176571968,0.31897959851693813,0.05680388302158953,0.051432176450095075,0.2825044762008533,0.11690282080474382
281,281.0,281.20000636408474,0.049117565930826876,0.0734603575824196,0.049575475685141465,0.3200275226091263,0.05650169701378159,0.0506615963296502,0.28418337905884183,0.11647240579021227
282,282.0,282.20000474606024,0.047509519229532296,0.07444824560980727,0.04983532764880265,0.3208001895502798,0.05616111598647094,0.04985117530291115,0.285679261484477,0.11571516518771913
283,283.0,283.20000324237765,0.04621740901614781,0.07518546965052939,0.05010250225821279,0.32199784400276427,0.05586997298558753,0.049059112728789045,0.28662540795304026,0.11494228140492915
284,284.0,284.20000185663946,0.04503722831021443,0.07589641431328781,0.050380012769581324,0.3231470549619904,0.055634185419196805,0.04830036967103527,0.287428126832973,0.11417660772172122
285,285.0,285.2000005909087,0.04393187768534911,0.07648493339375859,0.05060713105890462,0.32438465427935553,0.05538506112194552,0.04753766679528104,0.28813128445989994,0.11353739120550586
286,286.0,286.19999944584197,0.04289671220325099,0.0769404777964354,0.05077801086865237,0.32536768878451205,0.05512075657724689,0.04677354391607839,0.2889375944604684,0.11318521539335577
287,287.0,287.1999984208235,0.04192628700066416,0.07726511338995896,0.050891463877130554,0.3264482455994086,0.05483285438657037,0.04600862887502362,0.2896942051698262,0.11293320170141788
288,288.0,288.1999975140986,0.041033222812897625,0.07763837737092512,0.050957785369973606,0.32755541259767357,0.05452216318859357,0.0452575564087493,0.29036992147945295,0.11266556077173459
289,289.0,289.1999967229052,0.04023705285339074,0.07796071110691212,0.05099872438211678,0.328632041019866,0.05423091947893682,0.04454484789752859,0.2909908851575426,0.1124048181037066
290,290.0,290.19999604360214,0.03950777473249342,0.07817226768472076,0.05098751349696891,0.3294129244194862,0.05407479979409455,0.043845573675848924,0.2918844607168275,0.11211468547956002
291,291.0,291.19999547179333,0.03884883492962855,0.07828398812042171,0.05094559463122196,0.3300426104984425,0.053903077378225576,0.04316827838555879,0.29274973630584744,0.11205787975065373
292,292.0,292.1999950024475,0.038258205702912954,0.07829231029852765,0.05087509681276367,0.3306595629276215,0.053721274704889285,0.04251840827044962,0.29369649179272517,0.11197864949011042
293,293.0,293.19999463001176,0.037746439623218976,0.07824808652820502,0.05079127670148633,0.3310528823372234,0.05354895282179356,0.04190900945443716,0.2950298542077954,0.11167349832584045
294,294.0,294.1999943485195,0.037292570343623176,0.07773795591825572,0.05065212647728551,0.3319220502594478,0.05336326933822895,0.041323974316119214,0.2962399766457721,0.1114680767012677
295,295.0,295.19999415169127,0.03689560114425005,0.07715764095114437,0.05047227968029643,0.33267841143352916,0.05314821643181319,0.040925278362082367,0.297482297972545,0.1112402740243396
296,296.0,296.19999403302893,0.03674832774103925,0.07600619068755363,0.05045435825418934,0.3333966321352593,0.053475173802289735,0.04074793438496258,0.2979800034708851,0.11119137952382131
297,297.0,297.19999398590255,0.036651924593845066,0.07481454176756765,0.050403532552404075,0.33401393740414254,0.05376046166005509,0.04059567788642917,0.29863225060528265,0.111127673530274
298,298.0,298.1999940036298,0.03650685761656476,0.07423099037251515,0.050227445869834186,0.33454704453145445,0.05407548814441486,0.04037195935682883,0.29907565529525115,0.11096455881313691
299,299.0,299.19999407954805,0.03641562072637596,0.07384910679229116,0.050038760321559336,0.3348014285499229,0.054381511121251724,0.04018767276209335,0.29951063303863906,0.11081526668786684
300,300.0,300.19999420707893,0.03635820881482807,0.07344529737654404,0.049824578653235835,0.33468959948135624,0.05463514852261586,0.040367756246284525,0.3000171468868695,0.11066226401826632
301,301.0,301.19999437978595,0.03633134988694986,0.07335491308385114,0.04958590093112093,0.3344901540347138,0.0548340528981277,0.04054898487296531,0.30035944908971324,0.11049519520255839
302,302.0,302.19999459142446,0.03616370387266816,0.07323853480369684,0.04932500979565973,0.33425266018897504,0.05498336537827935,0.040724438285397666,0.3010001366137866,0.11031215106153695
303,303.0,303.1999948359848,0.03604504324048169,0.07311533943931137,0.048725275862400774,0.3342558196147794,0.05510344991822515,0.04091624178133595,0.3012051376633613,0.11063369248010466
304,304.0,304.1999951077293,0.03593235900743311,0.07194862774897977,0.048096996264498586,0.3345246451203985,0.055154788114764534,0.041083247528589835,0.3012297205401675,0.11202961567516853
305,305.0,305.19999540122205,0.03582447647661306,0.07075119841358768,0.04744698870152367,0.3344076994287444,0.05514013443548426,0.041224041546400546,0.3017258677916764,0.11347959320597023
306,306.0,306.1999957113533,0.03574021844614205,0.06957164498962869,0.04680155035475605,0.3340880881508076,0.05509940370985643,0.04136595553502724,0.3024403609563374,0.11489277785744481
307,307.0,307.19999603335793,0.03568224610628621,0.06842849372126455,0.046170275292503046,0.33329947742801525,0.055038718601271006,0.041677845714434045,0.3034354873372393,0.1162674557989869
308,308.0,308.1999963628285,0.035624306737846514,0.06743225674627813,0.04569201661946243,0.33227781379812127,0.054918621035734576,0.041952048706792845,0.3044417644079941,0.11766117194777043
309,309.0,309.1999966957237,0.035578662451388646,0.06545215120240884,0.04522452889284284,0.3315339454191627,0.05475616541774978,0.04220539286786856,0.30525983688619684,0.11998931686238212
310,310.0,310.19999702837214,0.035549673558319346,0.06352716226362336,0.04477600186030921,0.33067314528568587,0.054575626524580485,0.042449590191339585,0.3062157576163584,0.12223304269978402
311,311.0,311.199997357472,0.035432486193689175,0.06168418335907385,0.04424253831571267,0.3295787579506993,0.05427615668869885,0.042730810577478864,0.30696284574130234,0.12509222117334517
312,312.0,312.1999976800872,0.03532786217832189,0.05991203159517791,0.04372804983254003,0.3286055894243972,0.05396245148053788,0.042989825417390284,0.30763884124958046,0.1278353488220545
313,313.0,313.19999799364,0.03523932492042229,0.05766847667632895,0.04323884712928788,0.32824960670275033,0.05365773589963027,0.043237322823406636,0.3082655085542744,0.13044317729389932
314,314.0,314.19999829590114,0.03506994668325743,0.05542812728713622,0.04268721940965127,0.3280074741311233,0.05323913389073455,0.04336009772713641,0.30870821552522537,0.1334997853457355
315,315.0,315.1999985849771,0.03491112340118601,0.05343863945567039,0.04215959961635074,0.3274395950806352,0.052815118606824335,0.04345757130111546,0.3093852003653868,0.13639315217283107
316,316.0,316.1999988592957,0.034755383248732306,0.05155561140933774,0.041652355119953494,0.3265491964489134,0.05238157817046732,0.04352911735271878,0.3103963615904849,0.1391803966593921
317,317.0,317.1999991175895,0.034614130078640816,0.0497987024029817,0.04118460185101236,0.32536513874585177,0.051955215790033156,0.04373372549689382,0.31156225409398,0.14178623154060632
318,318.0,318.1999993588781,0.03448149310935234,0.04816213035843255,0.04074697102985221,0.32412567127687875,0.05153304164452004,0.043909231429867634,0.31285342163195545,0.1441880395191409
319,319.0,319.199999582449,0.03434967052628353,0.046643036462836004,0.040332133898251084,0.32321632287431895,0.05109275823947024,0.04404859147028285,0.3139420626291398,0.14637542389941732
320,320.0,320.1999997878383,0.03421885767643877,0.04524305326653469,0.03994061354875084,0.3224871635334079,0.050767870108578084,0.0441525339913929,0.31484341762595847,0.14834649024893812
321,321.0,321.1999999748103,0.03408924486069194,0.04396249910985956,0.039572679215539544,0.32186582906038397,0.050429018209908597,0.04422210420675961,0.3157568929929063,0.15010173234395027
322,322.0,322.200000143337,0.03396101544457775,0.04280050541408915,0.03922836824842245,0.32102757118946695,0.05032840093773018,0.04425862149408546,0.31658223820572406,0.15181327906590386
323,323.0,323.20000029357766,0.033825431522682615,0.041746230424666714,0.03889859551257236,0.3204938626070706,0.05020066392195559,0.044254725475352114,0.3172064435299834,0.1533740470057165
324,324.0,324.2000004258585,0.03368325619290161,0.040797407291581766,0.038583599045383894,0.31994537527739936,0.05004662659601256,0.044212760200917474,0.3179463110604067,0.15478466433539645
325,325.0,325.20000054065264,0.033536369525391824,0.03995756499641816,0.038284578856352364,0.31923957741643905,0.050104307744710065,0.044136353766386326,0.31869297597552604,0.15604827171877597
326,326.0,326.2000006385608,0.03339303936869196,0.03923028468383162,0.03800898983895654,0.3187418069518422,0.05014220381674318,0.04403565470431326,0.3193324429797213,0.1571155776558997
327,327.0,327.20000072029256,0.03325245147575312,0.038603966788843196,0.03775509312841219,0.3181455615507686,0.05015498085618611,0.043911829791668085,0.32018299710767556,0.1579931193006929
328,328.0,328.2000007866483,0.03311487408587766,0.03807324288176704,0.03752214091605557,0.31746725447548046,0.05014219002892299,0.04398458983317709,0.32100598863591945,0.15868971914279964
329,329.0,329.2000008385019,0.03298185112367219,0.03763478985829418,0.03730644799200496,0.3169997693761901,0.05032098472415465,0.044025100310796046,0.32150966205856546,0.1592213945563223
330,330.0,330.20000087678517,0.03284803674981341,0.03728104417758456,0.037105708011107824,0.31649015225404287,0.0504666511336848,0.04403679464610847,0.32211658900975493,0.1596550240179031
331,331.0,331.20000090247225,0.032721902472257675,0.0370098802029379,0.036923224838553766,0.3161056657459787,0.05061131848323086,0.044030295783483595,0.3226576415558663,0.15994007091769116
