Total_iterations,Unnamed: 0.1,Intertwine_two,Invert_path_vertices,Insert_inside_vertex,Delete_inside_vertex,Replace_inside_vertex,Donate_between_routes,Trim_one_terminal_cb,Grow_one_terminal_cb
0,0.0,0.125,0.125,0.125,0.125,0.125,0.125,0.125,0.125
1,1.0,0.125,0.125,0.125,0.125,0.125,0.125,0.125,0.125
2,2.0,0.125,0.125,0.125,0.125,0.125,0.125,0.125,0.125
3,3.0,0.125,0.125,0.125,0.125,0.125,0.125,0.125,0.125
4,4.0,0.125,0.125,0.125,0.125,0.125,0.125,0.125,0.125
5,5.0,0.125,0.125,0.125,0.125,0.125,0.125,0.125,0.125
6,6.0,0.125,0.125,0.125,0.125,0.125,0.125,0.125,0.125
7,7.0,0.125,0.125,0.125,0.125,0.125,0.125,0.125,0.125
8,8.0,0.125,0.125,0.125,0.125,0.125,0.125,0.125,0.125
9,9.0,0.125,0.125,0.125,0.125,0.125,0.125,0.125,0.125
10,10.0,0.125,0.125,0.125,0.125,0.125,0.125,0.125,0.125
11,11.0,0.125,0.125,0.125,0.125,0.125,0.125,0.125,0.125
12,12.0,0.125,0.125,0.125,0.125,0.125,0.125,0.125,0.125
13,13.0,0.125,0.125,0.125,0.125,0.125,0.125,0.125,0.125
14,14.0,0.125,0.125,0.125,0.125,0.125,0.125,0.125,0.125
15,15.0,0.125,0.125,0.125,0.125,0.125,0.125,0.125,0.125
16,16.0,0.125,0.125,0.125,0.125,0.125,0.125,0.125,0.125
17,17.0,0.125,0.125,0.125,0.125,0.125,0.125,0.125,0.125
18,18.0,0.125,0.125,0.125,0.125,0.125,0.125,0.125,0.125
19,19.0,0.125,0.125,0.125,0.125,0.125,0.125,0.125,0.125
20,20.0,0.125,0.125,0.125,0.125,0.125,0.125,0.125,0.125
21,21.0,0.125,0.125,0.125,0.125,0.125,0.125,0.125,0.125
22,22.0,0.125,0.125,0.125,0.125,0.125,0.125,0.125,0.125
23,23.0,0.125,0.125,0.125,0.125,0.125,0.125,0.125,0.125
24,24.0,0.125,0.125,0.125,0.125,0.125,0.125,0.125,0.125
25,25.0,0.125,0.125,0.125,0.125,0.125,0.125,0.125,0.125
26,26.0,0.125,0.125,0.125,0.125,0.125,0.125,0.125,0.125
27,27.0,0.125,0.125,0.125,0.125,0.125,0.125,0.125,0.125
28,28.0,0.125,0.125,0.125,0.125,0.125,0.125,0.125,0.125
29,29.0,0.125,0.125,0.125,0.125,0.125,0.125,0.125,0.125
30,30.0,0.125,0.125,0.125,0.125,0.125,0.125,0.125,0.125
31,31.0,0.125,0.125,0.125,0.125,0.125,0.125,0.125,0.125
32,32.0,0.125,0.125,0.125,0.125,0.125,0.125,0.125,0.125
33,33.0,0.125,0.125,0.125,0.125,0.125,0.125,0.125,0.125
34,34.0,0.125,0.125,0.125,0.125,0.125,0.125,0.125,0.125
35,35.0,0.125,0.125,0.125,0.125,0.125,0.125,0.125,0.125
36,36.0,0.125,0.125,0.125,0.125,0.125,0.125,0.125,0.125
37,37.0,0.125,0.125,0.125,0.125,0.125,0.125,0.125,0.125
38,38.0,0.125,0.125,0.125,0.125,0.125,0.125,0.125,0.125
39,39.0,0.125,0.125,0.125,0.125,0.125,0.125,0.125,0.125
40,40.0,0.125,0.125,0.125,0.125,0.125,0.125,0.125,0.125
41,41.0,0.125,0.125,0.125,0.125,0.125,0.125,0.125,0.125
42,42.0,0.125,0.125,0.125,0.125,0.125,0.125,0.125,0.125
43,43.0,0.125,0.125,0.125,0.125,0.125,0.125,0.125,0.125
44,44.0,0.125,0.125,0.125,0.125,0.125,0.125,0.125,0.125
45,45.0,0.125,0.125,0.125,0.125,0.125,0.125,0.125,0.125
46,46.0,0.125,0.125,0.125,0.125,0.125,0.125,0.125,0.125
47,47.0,0.125,0.125,0.125,0.125,0.125,0.125,0.125,0.125
48,48.0,0.125,0.125,0.125,0.125,0.125,0.125,0.125,0.125
49,49.0,0.125,0.125,0.125,0.125,0.125,0.125,0.125,0.125
50,50.0,0.125,0.125,0.125,0.125,0.125,0.125,0.125,0.125
51,51.0,0.125,0.125,0.125,0.125,0.125,0.125,0.125,0.125
52,52.0,0.125,0.125,0.125,0.125,0.125,0.125,0.125,0.125
53,53.0,0.125,0.125,0.125,0.125,0.125,0.125,0.125,0.125
54,54.0,0.125,0.125,0.125,0.125,0.125,0.125,0.125,0.125
55,55.0,0.125,0.125,0.125,0.125,0.125,0.125,0.125,0.125
56,56.0,0.125,0.125,0.125,0.125,0.125,0.125,0.125,0.125
57,57.0,0.125,0.125,0.125,0.125,0.125,0.125,0.125,0.125
58,58.0,0.125,0.125,0.125,0.125,0.125,0.125,0.125,0.125
59,59.0,0.125,0.125,0.125,0.125,0.125,0.125,0.125,0.125
60,60.0,0.125,0.125,0.125,0.125,0.125,0.125,0.125,0.125
61,61.0,0.125,0.125,0.125,0.125,0.125,0.125,0.125,0.125
62,62.0,0.125,0.125,0.125,0.125,0.125,0.125,0.125,0.125
63,63.0,0.125,0.125,0.125,0.125,0.125,0.125,0.125,0.125
64,64.0,0.125,0.125,0.125,0.125,0.125,0.125,0.125,0.125
65,65.0,0.125,0.125,0.125,0.125,0.125,0.125,0.125,0.125
66,66.0,0.125,0.125,0.125,0.125,0.125,0.125,0.125,0.125
67,67.0,0.125,0.125,0.125,0.125,0.125,0.125,0.125,0.125
68,68.0,0.125,0.125,0.125,0.125,0.125,0.125,0.125,0.125
69,69.0,0.125,0.125,0.125,0.125,0.125,0.125,0.125,0.125
70,70.0,0.125,0.125,0.125,0.125,0.125,0.125,0.125,0.125
71,71.0,0.125,0.125,0.125,0.125,0.125,0.125,0.125,0.125
72,72.0,0.125,0.125,0.125,0.125,0.125,0.125,0.125,0.125
73,73.0,0.125,0.125,0.125,0.125,0.125,0.125,0.125,0.125
74,74.0,0.125,0.125,0.125,0.125,0.125,0.125,0.125,0.125
75,75.0,0.125,0.125,0.125,0.125,0.125,0.125,0.125,0.125
76,76.0,0.125,0.125,0.125,0.125,0.125,0.125,0.125,0.125
77,77.0,0.125,0.125,0.125,0.125,0.125,0.125,0.125,0.125
78,78.0,0.125,0.125,0.125,0.125,0.125,0.125,0.125,0.125
79,79.0,0.125,0.125,0.125,0.125,0.125,0.125,0.125,0.125
80,80.0,0.125,0.125,0.125,0.125,0.125,0.125,0.125,0.125
81,81.0,0.125,0.125,0.125,0.125,0.125,0.125,0.125,0.125
82,82.0,0.125,0.125,0.125,0.125,0.125,0.125,0.125,0.125
83,83.0,0.125,0.125,0.125,0.125,0.125,0.125,0.125,0.125
84,84.0,0.125,0.125,0.125,0.125,0.125,0.125,0.125,0.125
85,85.0,0.125,0.125,0.125,0.125,0.125,0.125,0.125,0.125
86,86.0,0.125,0.125,0.125,0.125,0.125,0.125,0.125,0.125
87,87.0,0.125,0.125,0.125,0.125,0.125,0.125,0.125,0.125
88,88.0,0.125,0.125,0.125,0.125,0.125,0.125,0.125,0.125
89,89.0,0.125,0.125,0.125,0.125,0.125,0.125,0.125,0.125
90,90.0,0.125,0.125,0.125,0.125,0.125,0.125,0.125,0.125
91,91.0,0.125,0.125,0.125,0.125,0.125,0.125,0.125,0.125
92,92.0,0.125,0.125,0.125,0.125,0.125,0.125,0.125,0.125
93,93.0,0.125,0.125,0.125,0.125,0.125,0.125,0.125,0.125
94,94.0,0.125,0.125,0.125,0.125,0.125,0.125,0.125,0.125
95,95.0,0.125,0.125,0.125,0.125,0.125,0.125,0.125,0.125
96,96.0,0.125,0.125,0.125,0.125,0.125,0.125,0.125,0.125
97,97.0,0.125,0.125,0.125,0.125,0.125,0.125,0.125,0.125
98,98.0,0.125,0.125,0.125,0.125,0.125,0.125,0.125,0.125
99,99.0,0.125,0.125,0.125,0.125,0.125,0.125,0.125,0.125
100,100.0,0.125,0.125,0.125,0.125,0.125,0.125,0.125,0.125
101,101.0,0.125,0.125,0.125,0.125,0.125,0.125,0.125,0.125
102,102.0,0.125,0.125,0.125,0.125,0.125,0.125,0.125,0.125
103,103.0,0.125,0.125,0.125,0.125,0.125,0.125,0.125,0.125
104,104.0,0.125,0.125,0.125,0.125,0.125,0.125,0.125,0.125
105,105.0,0.125,0.125,0.125,0.125,0.125,0.125,0.125,0.125
106,106.0,0.125,0.125,0.125,0.125,0.125,0.125,0.125,0.125
107,107.0,0.125,0.125,0.125,0.125,0.125,0.125,0.125,0.125
108,108.0,0.125,0.125,0.125,0.125,0.125,0.125,0.125,0.125
109,109.0,0.125,0.125,0.125,0.125,0.125,0.125,0.125,0.125
110,110.0,0.125,0.125,0.125,0.125,0.125,0.125,0.125,0.125
111,111.0,0.125,0.125,0.125,0.125,0.125,0.125,0.125,0.125
112,112.0,0.125,0.125,0.125,0.125,0.125,0.125,0.125,0.125
113,113.0,0.125,0.125,0.125,0.125,0.125,0.125,0.125,0.125
114,114.0,0.125,0.125,0.125,0.125,0.125,0.125,0.125,0.125
115,115.0,0.125,0.125,0.125,0.125,0.125,0.125,0.125,0.125
116,116.0,0.125,0.125,0.125,0.125,0.125,0.125,0.125,0.125
117,117.0,0.125,0.125,0.125,0.125,0.125,0.125,0.125,0.125
118,118.0,0.125,0.125,0.125,0.125,0.125,0.125,0.125,0.125
119,119.0,0.125,0.125,0.125,0.125,0.125,0.125,0.125,0.125
120,120.0,0.125,0.125,0.125,0.125,0.125,0.125,0.125,0.125
121,121.0,0.125,0.125,0.125,0.125,0.125,0.125,0.125,0.125
122,122.0,0.125,0.125,0.125,0.125,0.125,0.125,0.125,0.125
123,123.0,0.125,0.125,0.125,0.125,0.125,0.125,0.125,0.125
124,124.0,0.125,0.125,0.125,0.125,0.125,0.125,0.125,0.125
125,125.0,0.125,0.125,0.125,0.125,0.125,0.125,0.125,0.125
126,126.0,0.125,0.125,0.125,0.125,0.125,0.125,0.125,0.125
127,127.0,0.125,0.125,0.125,0.125,0.125,0.125,0.125,0.125
128,128.0,0.125,0.125,0.125,0.125,0.125,0.125,0.125,0.125
129,129.0,0.125,0.125,0.125,0.125,0.125,0.125,0.125,0.125
130,130.0,0.125,0.125,0.125,0.125,0.125,0.125,0.125,0.125
131,131.0,0.125,0.125,0.125,0.125,0.125,0.125,0.125,0.125
132,132.0,0.125,0.125,0.125,0.125,0.125,0.125,0.125,0.125
133,133.0,0.125,0.125,0.125,0.125,0.125,0.125,0.125,0.125
134,134.0,0.125,0.125,0.125,0.125,0.125,0.125,0.125,0.125
135,135.0,0.125,0.125,0.125,0.125,0.125,0.125,0.125,0.125
136,136.0,0.125,0.125,0.125,0.125,0.125,0.125,0.125,0.125
137,137.0,0.125,0.125,0.125,0.125,0.125,0.125,0.125,0.125
138,138.0,0.125,0.125,0.125,0.125,0.125,0.125,0.125,0.125
139,139.0,0.125,0.125,0.125,0.125,0.125,0.125,0.125,0.125
140,140.0,0.125,0.125,0.125,0.125,0.125,0.125,0.125,0.125
141,141.0,0.125,0.125,0.125,0.125,0.125,0.125,0.125,0.125
142,142.0,0.125,0.125,0.125,0.125,0.125,0.125,0.125,0.125
143,143.0,0.125,0.125,0.125,0.125,0.125,0.125,0.125,0.125
144,144.0,0.125,0.125,0.125,0.125,0.125,0.125,0.125,0.125
145,145.0,0.125,0.125,0.125,0.125,0.125,0.125,0.125,0.125
146,146.0,0.125,0.125,0.125,0.125,0.125,0.125,0.125,0.125
147,147.0,0.125,0.125,0.125,0.125,0.125,0.125,0.125,0.125
148,148.0,0.125,0.125,0.125,0.125,0.125,0.125,0.125,0.125
149,149.0,0.125,0.125,0.125,0.125,0.125,0.125,0.125,0.125
150,150.0,0.125,0.125,0.125,0.125,0.125,0.125,0.125,0.125
151,151.0,0.125,0.125,0.125,0.125,0.125,0.125,0.125,0.125
152,152.0,0.125,0.125,0.125,0.125,0.125,0.125,0.125,0.125
153,153.0,0.125,0.125,0.125,0.125,0.125,0.125,0.125,0.125
154,154.0,0.125,0.125,0.125,0.125,0.125,0.125,0.125,0.125
155,155.0,0.125,0.125,0.125,0.125,0.125,0.125,0.125,0.125
156,156.0,0.125,0.125,0.125,0.125,0.125,0.125,0.125,0.125
157,157.0,0.125,0.125,0.125,0.125,0.125,0.125,0.125,0.125
158,158.0,0.125,0.125,0.125,0.125,0.125,0.125,0.125,0.125
159,159.0,0.125,0.125,0.125,0.125,0.125,0.125,0.125,0.125
160,160.0,0.125,0.125,0.125,0.125,0.125,0.125,0.125,0.125
161,161.0,0.125,0.125,0.125,0.125,0.125,0.125,0.125,0.125
162,162.0,0.125,0.125,0.125,0.125,0.125,0.125,0.125,0.125
163,163.0,0.125,0.125,0.125,0.125,0.125,0.125,0.125,0.125
164,164.0,0.125,0.125,0.125,0.125,0.125,0.125,0.125,0.125
165,165.0,0.125,0.125,0.125,0.125,0.125,0.125,0.125,0.125
166,166.0,0.125,0.125,0.125,0.125,0.125,0.125,0.125,0.125
167,167.0,0.125,0.125,0.125,0.125,0.125,0.125,0.125,0.125
168,168.0,0.125,0.125,0.125,0.125,0.125,0.125,0.125,0.125
169,169.0,0.125,0.125,0.125,0.125,0.125,0.125,0.125,0.125
170,170.0,0.125,0.125,0.125,0.125,0.125,0.125,0.125,0.125
171,171.0,0.125,0.125,0.125,0.125,0.125,0.125,0.125,0.125
172,172.0,0.125,0.125,0.125,0.125,0.125,0.125,0.125,0.125
173,173.0,0.125,0.125,0.125,0.125,0.125,0.125,0.125,0.125
174,174.0,0.125,0.125,0.125,0.125,0.125,0.125,0.125,0.125
175,175.0,0.125,0.125,0.125,0.125,0.125,0.125,0.125,0.125
176,176.0,0.125,0.125,0.125,0.125,0.125,0.125,0.125,0.125
177,177.0,0.125,0.125,0.125,0.125,0.125,0.125,0.125,0.125
178,178.0,0.125,0.125,0.125,0.125,0.125,0.125,0.125,0.125
179,179.0,0.125,0.125,0.125,0.125,0.125,0.125,0.125,0.125
180,180.0,0.125,0.125,0.125,0.125,0.125,0.125,0.125,0.125
181,181.0,0.125,0.125,0.125,0.125,0.125,0.125,0.125,0.125
182,182.0,0.125,0.125,0.125,0.125,0.125,0.125,0.125,0.125
183,183.0,0.125,0.125,0.125,0.125,0.125,0.125,0.125,0.125
184,184.0,0.125,0.125,0.125,0.125,0.125,0.125,0.125,0.125
185,185.0,0.125,0.125,0.125,0.125,0.125,0.125,0.125,0.125
186,186.0,0.125,0.125,0.125,0.125,0.125,0.125,0.125,0.125
187,187.0,0.125,0.125,0.125,0.125,0.125,0.125,0.125,0.125
188,188.0,0.125,0.125,0.125,0.125,0.125,0.125,0.125,0.125
189,189.0,0.125,0.125,0.125,0.125,0.125,0.125,0.125,0.125
190,190.0,0.125,0.125,0.125,0.125,0.125,0.125,0.125,0.125
191,191.0,0.125,0.125,0.125,0.125,0.125,0.125,0.125,0.125
192,192.0,0.125,0.125,0.125,0.125,0.125,0.125,0.125,0.125
193,193.0,0.125,0.125,0.125,0.125,0.125,0.125,0.125,0.125
194,194.0,0.125,0.125,0.125,0.125,0.125,0.125,0.125,0.125
195,195.0,0.125,0.125,0.125,0.125,0.125,0.125,0.125,0.125
196,196.0,0.125,0.125,0.125,0.125,0.125,0.125,0.125,0.125
197,197.0,0.125,0.125,0.125,0.125,0.125,0.125,0.125,0.125
198,198.0,0.125,0.125,0.125,0.125,0.125,0.125,0.125,0.125
199,199.0,0.125,0.125,0.125,0.125,0.125,0.125,0.125,0.125
200,200.0,0.1247222222222222,0.1258333333333333,0.1247222222222222,0.1247222222222222,0.1258333333333333,0.1247222222222222,0.1247222222222222,0.1247222222222222
201,201.0,0.1239472222222222,0.1281583333333333,0.1250583333333333,0.1239472222222222,0.1260472222222222,0.1239472222222222,0.1249472222222222,0.1239472222222222
202,202.0,0.124541058080808,0.1298111691919191,0.1249339873737373,0.1227228762626262,0.1257009671717171,0.1227228762626262,0.1257330782828283,0.1238339873737373
203,203.0,0.1248351502777777,0.1311167713888889,0.1235474836111111,0.1222018169444444,0.1251222269444444,0.1224795947222222,0.1262840280555555,0.1244129280555555
204,204.0,0.124167721068512,0.1314720986437257,0.1212778306023115,0.1207437513715423,0.1235830444533605,0.122693965046756,0.1310747348781468,0.1249868539356449
205,205.0,0.1233958703900006,0.1316652063746758,0.1189326209986253,0.1192112343293945,0.1219491292540308,0.1238146595430697,0.1355841706782445,0.1254471084319586
206,206.0,0.1226377588959531,0.1318103854568182,0.1166428625555777,0.117727036135347,0.1203462937692733,0.1249398388490222,0.139995368200097,0.1259004561379111
207,207.0,0.1209563703396402,0.1307449207981563,0.1143709626865906,0.1170246101099735,0.1205029650979851,0.1260028576356451,0.1441092041314751,0.1262881092005339
208,208.0,0.1193097474117526,0.1296499819688076,0.1121873050823981,0.1173817043955614,0.1206976698015759,0.1260487523164555,0.1480626279204642,0.1266622111029844
209,209.0,0.1174886575565046,0.1293172435519121,0.1098826798703406,0.1175665737959365,0.1205913241621887,0.1258565541330045,0.1524988132100799,0.1267981537200329
210,210.0,0.114732587869014,0.1285637229803034,0.1074103452814403,0.1209713042823285,0.1195738712292898,0.1251680893696476,0.1562804000526414,0.1272996789353347
211,211.0,0.1117617811785643,0.1274198362059715,0.1047681226055976,0.1247311378325471,0.1181504757154387,0.1241022569443968,0.1607483690877652,0.1283180204297185
212,212.0,0.1092258319507685,0.1267713012521746,0.101828604807447,0.1292114828432247,0.1168797065376098,0.122540713130955,0.1649632396796812,0.1285791197981391
213,213.0,0.1065572882573136,0.1257312204675493,0.0987938985951828,0.1336673878151115,0.1152655938355644,0.120694373777005,0.1699596964433143,0.1293305408089589
214,214.0,0.1038759012048885,0.1238425252297831,0.0958386211504728,0.1387095096852868,0.1135525272628057,0.1187943836577214,0.1747665129735476,0.130620018835494
215,215.0,0.1012138405003095,0.1225806678045951,0.092986622369572,0.1440739371293223,0.1123261454197158,0.1161530620351081,0.1789259047401793,0.1317398200011977
216,216.0,0.0986816804001762,0.1213386121264605,0.0902991235153897,0.1504565721556822,0.111064177024406,0.1135568415600625,0.1825906237222189,0.1320123694956036
217,217.0,0.096263123179574,0.1192098909237056,0.0885912536516579,0.1563849429016774,0.1097781734640561,0.110998545057107,0.1865907254044879,0.1321833454177337
218,218.0,0.0940204446722062,0.117153359059721,0.0870815791274194,0.1620429942856867,0.1085822993896747,0.1085494136435127,0.1902592639067341,0.1323106459150449
219,219.0,0.0919108647442041,0.1150871248240315,0.0865510914396815,0.1672107015395922,0.1080509291648372,0.1061754030768604,0.1926641387333659,0.1323497464774269
220,220.0,0.0903878042575461,0.1134796461929899,0.0866028117023064,0.1723346283530718,0.1079280848369964,0.1030050429654238,0.1927380399090509,0.1335239417826145
221,221.0,0.0885919105004152,0.1114859263140104,0.0863620705450827,0.1765541880118371,0.1073596814754174,0.1003670738255802,0.1950794079892384,0.1341997413384185
222,222.0,0.0867771675674956,0.1093736768374739,0.0860692633516327,0.1819285657560101,0.1073198035549048,0.0976292755175315,0.1965480041353919,0.1343542432795593
223,223.0,0.0849610020265413,0.1071734394373719,0.0857299190183599,0.1869543097855059,0.1077358783857942,0.0948840954697173,0.1982786765605185,0.1342826793161909
224,224.0,0.0832148340402642,0.1049691315265604,0.0854052009490778,0.1922610540427018,0.1086310491043004,0.0922128399030907,0.1994824977472033,0.1338233926868012
225,225.0,0.0815832789312606,0.1028172313201367,0.0851310470962816,0.1974395682581868,0.108848653441456,0.08889975155417,0.2015956150950683,0.13368485430344
226,226.0,0.0800292522643368,0.1006494043584959,0.0853232340442068,0.202814079800549,0.1099303452350868,0.0856925135784251,0.202362322927412,0.1331988477914875
227,227.0,0.0789803828649612,0.0983892547202749,0.0853507848028701,0.2088788833330086,0.1110117164039234,0.0824768991657473,0.2026403618524482,0.1322717168567662
228,228.0,0.0780569165566948,0.0962286066994668,0.0854195721046392,0.2147268243177208,0.1119532308320633,0.0794461749602789,0.2028750858336787,0.1312935886954574
229,229.0,0.0772471437785836,0.0934192684916467,0.0855163805072601,0.2207469185732482,0.1128472719610207,0.0766037552684279,0.2026816543562385,0.1309376070635741
230,230.0,0.0764849093127144,0.0910821773218605,0.0861789518283379,0.2262601031958267,0.1135397355520962,0.0738963502430721,0.2020755390142784,0.1304822335318135
231,231.0,0.0757747228541365,0.089329407383584,0.0866589120576181,0.2324716623167462,0.1140445809468846,0.0713391736494305,0.2011046052511706,0.1292769355404293
232,232.0,0.0751346719428971,0.0876662447292395,0.0871144846067494,0.2383144047997253,0.1150617119872571,0.0689589648864586,0.1997245680561848,0.128024948991488
233,233.0,0.074564753514209,0.0861008449245284,0.0875441624990899,0.2437711045063142,0.1159309487599204,0.0667624392395535,0.1985816739693149,0.1267440725870694
234,234.0,0.0748214213081955,0.084563303703076,0.0878706728921533,0.2486782985048799,0.1165072572654348,0.0646776281243356,0.1975069796544013,0.1253744385475233
235,235.0,0.0750958548484191,0.0830923331161717,0.0880024722557064,0.2531639067051319,0.1169086435596666,0.0627406130225583,0.1970311526918181,0.1239650238005277
236,236.0,0.0748566012799871,0.0819379552498295,0.0882099484208648,0.2575709673908522,0.1168879913418373,0.0610957192056952,0.1974338484915028,0.1220069686194309
237,237.0,0.0746492419096332,0.080848435428923,0.0883752790060002,0.2619125325250121,0.1167082741826224,0.0596220035436074,0.1978176957445635,0.1200665376596379
238,238.0,0.074394196238671,0.0797220810118981,0.0883122664730342,0.2660619271927937,0.1163358223172614,0.058238620704856,0.1988521779254515,0.1180829081360339
239,239.0,0.074167724059135,0.0786918313968527,0.088114541454567,0.2702437289577764,0.1158816560993685,0.057019311940759,0.1997320291860411,0.1161491769055002
240,240.0,0.0739349898818002,0.0776952387089646,0.0877638255833274,0.274545556110312,0.115275585889751,0.0559256200696142,0.2006137351670729,0.1142454485891574
241,241.0,0.0737241161474912,0.0767628475718229,0.0873830413709976,0.2779574612221303,0.1145624777983397,0.0549810892201091,0.2022160375910876,0.1124129290780212
242,242.0,0.0737322549107582,0.0759348294174105,0.0859832503991793,0.2819687833272792,0.1124478657018671,0.0542663668489735,0.2049177084574511,0.1107489409370807
243,243.0,0.0736881040817336,0.0755934104679827,0.084452084432641,0.2849213673478187,0.1102329972263558,0.0536162998796043,0.208391785105615,0.1091039514582486
244,244.0,0.0735858345452823,0.0757740179685593,0.0828062424212993,0.2876935201473587,0.1079151597456645,0.0530194238588643,0.2117247902255235,0.1074810110874479
245,245.0,0.073431375726665,0.0758590228803637,0.0810723123484685,0.2909563902417287,0.1051923673393594,0.0524754833112513,0.2151198089754264,0.1058932391767368
246,246.0,0.0732476815979556,0.0758819896902425,0.0792920681239584,0.2939956883202406,0.1028123057956215,0.0520008145505999,0.2178739490770228,0.1048955028443585
247,247.0,0.073036488718132,0.0758776063090252,0.0774842609303353,0.2965187399420268,0.1004190678504995,0.0519235465058354,0.2207782219721869,0.1039620677719586
248,248.0,0.0728077497040475,0.0758162238224823,0.0757074246450425,0.2988260408476636,0.0983639650278672,0.0518990499105882,0.2235049328345751,0.1030746132077332
249,249.0,0.0725713410199246,0.075756189061624,0.0739820650007556,0.3011767606901752,0.0956709131028742,0.0519277238207085,0.2259814063195818,0.1029336009843558
250,250.0,0.0722455147126256,0.0760382247328788,0.0722770755895006,0.3035208397378355,0.0929854698737761,0.0519603549899174,0.2277749357138065,0.1031975846496592
251,251.0,0.0718509570736903,0.0758214943997356,0.0702166695294809,0.3059960448107882,0.090339563123757,0.0520035824239469,0.2299709400593151,0.1038007485792855
252,252.0,0.071428915271489,0.0755288553379621,0.0681949124798412,0.308152947680624,0.0877511632822923,0.0520528724745276,0.2324878607100977,0.1044024727631657
253,253.0,0.0709247871293612,0.0757991109720852,0.0661989035187523,0.3099131730150759,0.0852096806987618,0.0520778612243251,0.2345948926135099,0.1052815908281282
254,254.0,0.0703957816177602,0.0759769366981905,0.0642601906019189,0.3109955993400262,0.0827620940884069,0.0520949115558886,0.2369982199456473,0.106516266152161
255,255.0,0.069862089792107,0.0763303933516695,0.0624186906712876,0.3120346497996473,0.0804348361270414,0.0525333711189736,0.2386614428467166,0.1077245262925566
256,256.0,0.069336588757036,0.0766580117365816,0.0606759239682722,0.3127826113011948,0.0782451785833131,0.0529784394494232,0.24016077489294,0.1091624713112387
257,257.0,0.0688301884310981,0.0769407346830806,0.0593026417762444,0.3130843258525619,0.0762259506016358,0.0534208851822821,0.2416306616002618,0.1105646118728348
258,258.0,0.0683213585338041,0.0771326268934921,0.058012397343912,0.3137657459798418,0.0743556172927858,0.0535750670353506,0.2429549762448231,0.1118822106759902
259,259.0,0.0678108298587263,0.0774903552806787,0.0568044677503372,0.313896815593034,0.0726006660141487,0.0536940394859112,0.2446041001970226,0.1130987258201408
260,260.0,0.0675887970786227,0.0780328440583546,0.0559342280446576,0.3131590295010795,0.0712359807736314,0.0540451940321964,0.2463912822103029,0.1136126443011545
261,261.0,0.0673374031118585,0.0785152564042701,0.0551625770170923,0.3123572262544496,0.0700063888427439,0.0543726646025005,0.2481511833080405,0.1140973004590441
262,262.0,0.0670679298188935,0.0789663868611563,0.0544930321136076,0.3113852658923853,0.0689273122230903,0.0546812046922205,0.2496989826182169,0.1147798857804293
263,263.0,0.0677094450661584,0.079249771910937,0.053815277077187,0.3099864293439004,0.0678628324763659,0.0548678713599249,0.2512131839636354,0.1152951888018907
264,264.0,0.0678420344984541,0.0791685354776283,0.053245371366804,0.3085538526069216,0.0669244707299136,0.0550469007219086,0.2534601344343931,0.1157587001639763
265,265.0,0.0679572253498262,0.0790284039005185,0.0527465054433039,0.3071823485188541,0.0660863100617524,0.055185542551469,0.2554375818136642,0.1163760823606112
266,266.0,0.0680678379523251,0.0786159451363715,0.0520958214593111,0.3067194066897538,0.0653580382825331,0.0552986815660247,0.2569409253159151,0.1169033435977652
267,267.0,0.0681709335421284,0.0781525330091664,0.0515123143722235,0.3064719022147963,0.0647222070319008,0.0553854461942458,0.2582435371908214,0.1173411264447169
268,268.0,0.0673023627704502,0.0779329375419397,0.0510308343527396,0.3068955574804995,0.06421061681733,0.0551133657639558,0.2601553590582441,0.1173589662148405
269,269.0,0.0664124725762213,0.077653221548563,0.0505900981606607,0.3074631891982109,0.0637590505433258,0.0550116394711546,0.2613346016127443,0.117775726889119
270,270.0,0.0654360371802129,0.0769489930325711,0.0501222035421156,0.3088667422087913,0.0632884003778098,0.0547920705557798,0.2625084181750025,0.1180371349277167
271,271.0,0.0643842359192942,0.0760468773941216,0.0496273057486674,0.3110367425652565,0.0627967150335798,0.0544611370929954,0.2637922319165967,0.1178547543294881
272,272.0,0.0633376021193143,0.0751176861425389,0.0491671294411451,0.3131509650422013,0.0623607070259803,0.0540955084968781,0.2651768327200865,0.1175935690118553
273,273.0,0.0622763813358743,0.0741303488924893,0.0489905044927781,0.3149349765231933,0.0619402169660398,0.0536723584311782,0.2666307433870665,0.1174244699713801
274,274.0,0.0612322068582603,0.0731187560937169,0.0491028025126382,0.316221499685299,0.0615562261567154,0.0532209915993163,0.2680264750286563,0.1175210420653973
275,275.0,0.0594957449274486,0.0721490568572244,0.0493382038274902,0.3163639838023466,0.0604896531637431,0.0536330017937077,0.2708596963271823,0.1176706593008568
276,276.0,0.0577192275092215,0.0720081283249797,0.0494966431948014,0.3159466742295468,0.059640302765055,0.0539410336608544,0.2735661772234732,0.1176818130920678
277,277.0,0.0559797138384985,0.0718468149249794,0.0496385087818993,0.3164053131070165,0.0588119186184563,0.0534382401082953,0.276083141072072,0.1177963495487824
278,278.0,0.0542296975309368,0.0715513913038371,0.0497201458569423,0.3173375174439358,0.057954149758473,0.0528416217093182,0.2788613999581172,0.1175040764384395
279,279.0,0.0524852608229083,0.0722928759103653,0.0497260000270714,0.3183039278415666,0.057068869632648,0.052163848188009,0.2807075337697842,0.1172516838076469
280,280.0,0.0507758590343367,0.0729259842057239,0.0496752017657196,0.3189795985169381,0.0568038830215895,0.051432176450095,0.2825044762008533,0.1169028208047438
281,281.0,0.0491175659308268,0.0734603575824196,0.0495754756851414,0.3200275226091263,0.0565016970137815,0.0506615963296502,0.2841833790588418,0.1164724057902122
282,282.0,0.0475095192295322,0.0744482456098072,0.0498353276488026,0.3208001895502798,0.0561611159864709,0.0498511753029111,0.285679261484477,0.1157151651877191
283,283.0,0.0462174090161478,0.0751854696505293,0.0501025022582127,0.3219978440027642,0.0558699729855875,0.049059112728789,0.2866254079530402,0.1149422814049291
284,284.0,0.0450372283102144,0.0758964143132878,0.0503800127695813,0.3231470549619904,0.0556341854191968,0.0483003696710352,0.287428126832973,0.1141766077217212
285,285.0,0.0439318776853491,0.0764849333937585,0.0506071310589046,0.3243846542793555,0.0553850611219455,0.047537666795281,0.2881312844598999,0.1135373912055058
286,286.0,0.0428967122032509,0.0769404777964354,0.0507780108686523,0.325367688784512,0.0551207565772468,0.0467735439160783,0.2889375944604684,0.1131852153933557
287,287.0,0.0419262870006641,0.0772651133899589,0.0508914638771305,0.3264482455994086,0.0548328543865703,0.0460086288750236,0.2896942051698262,0.1129332017014178
288,288.0,0.0410332228128976,0.0776383773709251,0.0509577853699736,0.3275554125976735,0.0545221631885935,0.0452575564087493,0.2903699214794529,0.1126655607717345
289,289.0,0.0402370528533907,0.0779607111069121,0.0509987243821167,0.328632041019866,0.0542309194789368,0.0445448478975285,0.2909908851575426,0.1124048181037066
290,290.0,0.0395077747324934,0.0781722676847207,0.0509875134969689,0.3294129244194862,0.0540747997940945,0.0438455736758489,0.2918844607168275,0.11211468547956
291,291.0,0.0388488349296285,0.0782839881204217,0.0509455946312219,0.3300426104984425,0.0539030773782255,0.0431682783855587,0.2927497363058474,0.1120578797506537
292,292.0,0.0382582057029129,0.0782923102985276,0.0508750968127636,0.3306595629276215,0.0537212747048892,0.0425184082704496,0.2936964917927251,0.1119786494901104
293,293.0,0.0377464396232189,0.078248086528205,0.0507912767014863,0.3310528823372234,0.0535489528217935,0.0419090094544371,0.2950298542077954,0.1116734983258404
294,294.0,0.0372925703436231,0.0777379559182557,0.0506521264772855,0.3319220502594478,0.0533632693382289,0.0413239743161192,0.2962399766457721,0.1114680767012677
295,295.0,0.03689560114425,0.0771576409511443,0.0504722796802964,0.3326784114335291,0.0531482164318131,0.0409252783620823,0.297482297972545,0.1112402740243396
296,296.0,0.0367483277410392,0.0760061906875536,0.0504543582541893,0.3333966321352593,0.0534751738022897,0.0407479343849625,0.2979800034708851,0.1111913795238213
297,297.0,0.036651924593845,0.0748145417675676,0.050403532552404,0.3340139374041425,0.053760461660055,0.0405956778864291,0.2986322506052826,0.111127673530274
298,298.0,0.0365068576165647,0.0742309903725151,0.0502274458698341,0.3345470445314544,0.0540754881444148,0.0403719593568288,0.2990756552952511,0.1109645588131369
299,299.0,0.0364156207263759,0.0738491067922911,0.0500387603215593,0.3348014285499229,0.0543815111212517,0.0401876727620933,0.299510633038639,0.1108152666878668
300,300.0,0.036358208814828,0.073445297376544,0.0498245786532358,0.3346895994813562,0.0546351485226158,0.0403677562462845,0.3000171468868695,0.1106622640182663
301,301.0,0.0363313498869498,0.0733549130838511,0.0495859009311209,0.3344901540347138,0.0548340528981277,0.0405489848729653,0.3003594490897132,0.1104951952025583
302,302.0,0.0361637038726681,0.0732385348036968,0.0493250097956597,0.334252660188975,0.0549833653782793,0.0407244382853976,0.3010001366137866,0.1103121510615369
303,303.0,0.0360450432404816,0.0731153394393113,0.0487252758624007,0.3342558196147794,0.0551034499182251,0.0409162417813359,0.3012051376633613,0.1106336924801046
304,304.0,0.0359323590074331,0.0719486277489797,0.0480969962644985,0.3345246451203985,0.0551547881147645,0.0410832475285898,0.3012297205401675,0.1120296156751685
305,305.0,0.035824476476613,0.0707511984135876,0.0474469887015236,0.3344076994287444,0.0551401344354842,0.0412240415464005,0.3017258677916764,0.1134795932059702
306,306.0,0.035740218446142,0.0695716449896286,0.046801550354756,0.3340880881508076,0.0550994037098564,0.0413659555350272,0.3024403609563374,0.1148927778574448
307,307.0,0.0356822461062862,0.0684284937212645,0.046170275292503,0.3332994774280152,0.055038718601271,0.041677845714434,0.3034354873372393,0.1162674557989869
308,308.0,0.0356243067378465,0.0674322567462781,0.0456920166194624,0.3322778137981212,0.0549186210357345,0.0419520487067928,0.3044417644079941,0.1176611719477704
309,309.0,0.0355786624513886,0.0654521512024088,0.0452245288928428,0.3315339454191627,0.0547561654177497,0.0422053928678685,0.3052598368861968,0.1199893168623821
310,310.0,0.0355496735583193,0.0635271622636233,0.0447760018603092,0.3306731452856858,0.0545756265245804,0.0424495901913395,0.3062157576163584,0.122233042699784
311,311.0,0.0354324861936891,0.0616841833590738,0.0442425383157126,0.3295787579506993,0.0542761566886988,0.0427308105774788,0.3069628457413023,0.1250922211733451
312,312.0,0.0353278621783218,0.0599120315951779,0.04372804983254,0.3286055894243972,0.0539624514805378,0.0429898254173902,0.3076388412495804,0.1278353488220545
313,313.0,0.0352393249204222,0.0576684766763289,0.0432388471292878,0.3282496067027503,0.0536577358996302,0.0432373228234066,0.3082655085542744,0.1304431772938993
314,314.0,0.0350699466832574,0.0554281272871362,0.0426872194096512,0.3280074741311233,0.0532391338907345,0.0433600977271364,0.3087082155252253,0.1334997853457355
315,315.0,0.034911123401186,0.0534386394556703,0.0421595996163507,0.3274395950806352,0.0528151186068243,0.0434575713011154,0.3093852003653868,0.136393152172831
316,316.0,0.0347553832487323,0.0515556114093377,0.0416523551199534,0.3265491964489134,0.0523815781704673,0.0435291173527187,0.3103963615904849,0.1391803966593921
317,317.0,0.0346141300786408,0.0497987024029817,0.0411846018510123,0.3253651387458517,0.0519552157900331,0.0437337254968938,0.31156225409398,0.1417862315406063
318,318.0,0.0344814931093523,0.0481621303584325,0.0407469710298522,0.3241256712768787,0.05153304164452,0.0439092314298676,0.3128534216319554,0.1441880395191409
319,319.0,0.0343496705262835,0.046643036462836,0.040332133898251,0.3232163228743189,0.0510927582394702,0.0440485914702828,0.3139420626291398,0.1463754238994173
320,320.0,0.0342188576764387,0.0452430532665346,0.0399406135487508,0.3224871635334079,0.050767870108578,0.0441525339913929,0.3148434176259584,0.1483464902489381
321,321.0,0.0340892448606919,0.0439624991098595,0.0395726792155395,0.3218658290603839,0.0504290182099085,0.0442221042067596,0.3157568929929063,0.1501017323439502
322,322.0,0.0339610154445777,0.0428005054140891,0.0392283682484224,0.3210275711894669,0.0503284009377301,0.0442586214940854,0.316582238205724,0.1518132790659038
323,323.0,0.0338254315226826,0.0417462304246667,0.0388985955125723,0.3204938626070706,0.0502006639219555,0.0442547254753521,0.3172064435299834,0.1533740470057165
324,324.0,0.0336832561929016,0.0407974072915817,0.0385835990453838,0.3199453752773993,0.0500466265960125,0.0442127602009174,0.3179463110604067,0.1547846643353964
325,325.0,0.0335363695253918,0.0399575649964181,0.0382845788563523,0.319239577416439,0.05010430774471,0.0441363537663863,0.318692975975526,0.1560482717187759
326,326.0,0.0333930393686919,0.0392302846838316,0.0380089898389565,0.3187418069518422,0.0501422038167431,0.0440356547043132,0.3193324429797213,0.1571155776558997
327,327.0,0.0332524514757531,0.0386039667888431,0.0377550931284121,0.3181455615507686,0.0501549808561861,0.043911829791668,0.3201829971076755,0.1579931193006929
328,328.0,0.0331148740858776,0.038073242881767,0.0375221409160555,0.3174672544754804,0.0501421900289229,0.043984589833177,0.3210059886359194,0.1586897191427996
329,329.0,0.0329818511236721,0.0376347898582941,0.0373064479920049,0.3169997693761901,0.0503209847241546,0.044025100310796,0.3215096620585654,0.1592213945563223
330,330.0,0.0328480367498134,0.0372810441775845,0.0371057080111078,0.3164901522540428,0.0504666511336848,0.0440367946461084,0.3221165890097549,0.1596550240179031
331,331.0,0.0327219024722576,0.0370098802029379,0.0369232248385537,0.3161056657459787,0.0506113184832308,0.0440302957834835,0.3226576415558663,0.1599400709176911
332,332.0,0.0325942986637686,0.0370086733616603,0.0367488306687226,0.3161076100800824,0.0507368158489887,0.0437879786352109,0.3228806295253769,0.1601351632161892
333,333.0,0.0324624047660797,0.0370586809767944,0.0365787043888158,0.3160524035238826,0.0510247040443501,0.0435142079755121,0.3230636413338127,0.1602452529907524
334,334.0,0.0323266816475626,0.0371470987417065,0.0364123318260954,0.3162163665814353,0.0512656066318771,0.0432136095099282,0.3231397599378237,0.160278545123571
335,335.0,0.0321938149097473,0.0372730097832401,0.0362554559134966,0.3163649087888439,0.0514648173885816,0.0428960263439641,0.3233513812691379,0.1602005856029882
336,336.0,0.0320641168685312,0.0374345123051025,0.0361074845333272,0.3166214904940485,0.0516211977384679,0.042695492877686,0.3234337356262326,0.160021969556604
337,337.0,0.0319389299120821,0.0376272464318586,0.0359688987815392,0.3168976884126964,0.0516370698603742,0.0426703925691987,0.32350542877653,0.1597543452557207
338,338.0,0.0318120519466436,0.0378324785410811,0.0358326824097936,0.3175619123328363,0.0516044326616762,0.0426221880293733,0.3232780320526139,0.1594562220259817
339,339.0,0.0316873706362742,0.0380563948235828,0.0357052049013356,0.3181653530262573,0.0515343437832331,0.0425639628300267,0.3231472355533071,0.1591401344459829
340,340.0,0.0315719836384755,0.0382027923371935,0.0355952359183599,0.3185061368770793,0.0514370815696945,0.0425029388985762,0.3232803271426509,0.15890350361797
341,341.0,0.0314648469114501,0.0383616188776095,0.035388496267068,0.3190570805437356,0.0513117745595745,0.0424383163587122,0.3233537694027281,0.1586240970791217
342,342.0,0.0313581869589264,0.0385201713928937,0.0351885857303948,0.3195887019170441,0.0511482771814156,0.0423618055998462,0.3234890078015505,0.1583452634179284
343,343.0,0.0312612490012152,0.0386873515145362,0.0350049493947653,0.3201652469235733,0.0509793838382675,0.0422898103120002,0.3235739161438045,0.1580380928718376
344,344.0,0.0311665886331109,0.0388527027948306,0.034830259061513,0.3206561951897046,0.0507995523175616,0.0422151573156492,0.3237419199025909,0.1577376247850387
345,345.0,0.0310704714234634,0.0390069071078594,0.0346608199993532,0.3209192258651583,0.0505859666168513,0.0421277116270509,0.3241852244839494,0.1574436728763138
346,346.0,0.0309790488545038,0.0391550669990495,0.0345038979911868,0.3212377944048262,0.0503485619110547,0.0420342124602426,0.3246146185991483,0.1571267987799878
347,347.0,0.0308873937020217,0.039290377876062,0.0343544385658647,0.3214968266225572,0.0500850875541334,0.0419303800584727,0.3251301551009699,0.1568253405199181
348,348.0,0.0308010682090598,0.0394168493697999,0.0342178124925215,0.3216283375894933,0.0498070273739503,0.0419845657512277,0.3256341179047871,0.1565102213091601
349,349.0,0.030719950054072,0.0395331140414335,0.034093650086169,0.3215465070348354,0.0496756007030371,0.0420318908662977,0.3262141625875378,0.1561851246266171
350,350.0,0.0306435617510724,0.0396398702837692,0.0339800347674361,0.321458712737005,0.0495305802055351,0.042071272242768,0.3266665598045365,0.1560094082078774
351,351.0,0.0305752610863378,0.0397432568679343,0.0338811443818914,0.3213131697795249,0.0493944238168418,0.0421128737577509,0.3271479023717124,0.1558319679380062
352,352.0,0.0305131464576227,0.039838325362196,0.033794719495005,0.3208895629523253,0.0494060542384541,0.0421478889995365,0.327760089058996,0.1556502134358641
353,353.0,0.0304583269985373,0.0399248802826624,0.033721484396705,0.3203752323427612,0.0494204327033686,0.042182667317011,0.3284431455701246,0.1554738303888297
354,354.0,0.0304092975133833,0.0400001251407211,0.0336584087649608,0.3198924591233686,0.0494342237756841,0.0422154934710371,0.3289638138121848,0.1554261783986599
355,355.0,0.0303641742995466,0.040062221662818,0.0336032237568797,0.3193313479619269,0.0495334946262631,0.0422443732155065,0.3294852319911175,0.1553759324859413
356,356.0,0.0303357066708617,0.0401479088702833,0.0335896613493151,0.3180974302811029,0.0496596565251281,0.0423426662928207,0.3304671125450878,0.1553598574654002
357,357.0,0.0303098747464179,0.0402157242359284,0.0335779344910067,0.3168676979428695,0.049778211493699,0.0424256650677239,0.3314827439783349,0.1553421480440196
358,358.0,0.0302862590882314,0.0402656833265403,0.0335672010890169,0.3157881482427671,0.0498877295075213,0.0424928974822345,0.3323896283693304,0.1553224528943579
359,359.0,0.0302670062056717,0.0403070883235726,0.0335628507531443,0.3146364757411122,0.0500765131456336,0.0425556679273032,0.3332877662841864,0.1553066316193757
360,360.0,0.0302516670227845,0.0403400311247636,0.0335640023448179,0.31330006329059,0.0502564451839714,0.0426135283754217,0.3343800129405131,0.1552942497171377
361,361.0,0.0302398015580395,0.0403646847736856,0.0335698125557796,0.3120945237573549,0.0504259061614242,0.0426661289596276,0.3353542571680886,0.1552848850659998
362,362.0,0.0302359153834097,0.0404760126104517,0.0335844134908584,0.3103889611904276,0.050628809956401,0.0427332655715798,0.336609442533423,0.1553431792634487
363,363.0,0.0302294446621994,0.0405698251601932,0.0335968984197157,0.3088644546162012,0.0508117266782952,0.0427893411488525,0.337704973456665,0.1554333358578776
364,364.0,0.0303821871294853,0.040648081602604,0.0336074627726332,0.307342465916423,0.0509751076132727,0.0428350277094932,0.3386561172499934,0.1555535500060952
365,365.0,0.0305261642319878,0.0407053690450223,0.0336142087839159,0.305739203267914,0.0512543760414378,0.0428603617158025,0.3396040308057869,0.1556962861081327
366,366.0,0.0306725230555616,0.0407719142073648,0.0336414025433978,0.3037752116967605,0.0515201223322111,0.043064854988328,0.3406669674390258,0.1558870037373504
367,367.0,0.0308132433837346,0.0408188943167427,0.033662412070387,0.3021292017128602,0.051762861137952,0.0432467802389214,0.3415000870836795,0.1560665200557226
368,368.0,0.0309470952507073,0.0408466997263531,0.0336768966076316,0.3005822340521539,0.0519815080808312,0.0434052622316832,0.3423268212642326,0.1562334827864071
369,369.0,0.031074949924974,0.0408616011584159,0.0336903372194114,0.2991778864088704,0.0521772461495739,0.0435530933004815,0.3430723641096021,0.1563925217286707
370,370.0,0.0311958945475508,0.040864099406519,0.03370240035828,0.2977472653022018,0.0523496204223415,0.0436895734677288,0.3438176325640483,0.1566335139313298
371,371.0,0.0313106548091017,0.0408596950532559,0.0337150978973819,0.2964049302234089,0.0525020716674277,0.0438156651752056,0.3445266050779975,0.1568652800962209
372,372.0,0.031418596805018,0.0408489106775736,0.033728134683207,0.2952296758069271,0.0526346019750467,0.0439309903689362,0.3451227692559152,0.1570863204273762
373,373.0,0.0315198068867498,0.0408328706147484,0.0337418303680704,0.2942380233274468,0.0527515293887088,0.0440364930658333,0.3455834652987389,0.1572959810497035
374,374.0,0.0316294665570478,0.0408293607911105,0.0337731860190529,0.293251616459273,0.0528703968590835,0.0442251402806059,0.3458547702365754,0.157566062797251
375,375.0,0.0317307975917745,0.0408225250984197,0.033802920789613,0.2922386124213657,0.0529703787734441,0.044400943476898,0.3462132004018833,0.1578206214466015
