Total_iterations,Unnamed: 0.1,Intertwine_two,Add_vertex,Delete_vertex
0,0.0,0.3333333333333333,0.3333333333333333,0.3333333333333333
1,1.0,0.3333333333333333,0.3333333333333333,0.3333333333333333
2,2.0,0.3333333333333333,0.3333333333333333,0.3333333333333333
3,3.0,0.3333333333333333,0.3333333333333333,0.3333333333333333
4,4.0,0.3333333333333333,0.3333333333333333,0.3333333333333333
5,5.0,0.3333333333333333,0.3333333333333333,0.3333333333333333
6,6.0,0.3333333333333333,0.3333333333333333,0.3333333333333333
7,7.0,0.3333333333333333,0.3333333333333333,0.3333333333333333
8,8.0,0.3333333333333333,0.3333333333333333,0.3333333333333333
9,9.0,0.3333333333333333,0.3333333333333333,0.3333333333333333
10,10.0,0.3333333333333333,0.3333333333333333,0.3333333333333333
11,11.0,0.3333333333333333,0.3333333333333333,0.3333333333333333
12,12.0,0.3333333333333333,0.3333333333333333,0.3333333333333333
13,13.0,0.3333333333333333,0.3333333333333333,0.3333333333333333
14,14.0,0.3333333333333333,0.3333333333333333,0.3333333333333333
15,15.0,0.3333333333333333,0.3333333333333333,0.3333333333333333
16,16.0,0.3333333333333333,0.3333333333333333,0.3333333333333333
17,17.0,0.3333333333333333,0.3333333333333333,0.3333333333333333
18,18.0,0.3333333333333333,0.3333333333333333,0.3333333333333333
19,19.0,0.3333333333333333,0.3333333333333333,0.3333333333333333
20,20.0,0.3333333333333333,0.3333333333333333,0.3333333333333333
21,21.0,0.3333333333333333,0.3333333333333333,0.3333333333333333
22,22.0,0.3333333333333333,0.3333333333333333,0.3333333333333333
23,23.0,0.3333333333333333,0.3333333333333333,0.3333333333333333
24,24.0,0.3333333333333333,0.3333333333333333,0.3333333333333333
25,25.0,0.3333333333333333,0.3333333333333333,0.3333333333333333
26,26.0,0.3333333333333333,0.3333333333333333,0.3333333333333333
27,27.0,0.3333333333333333,0.3333333333333333,0.3333333333333333
28,28.0,0.3333333333333333,0.3333333333333333,0.3333333333333333
29,29.0,0.3333333333333333,0.3333333333333333,0.3333333333333333
30,30.0,0.3333333333333333,0.3333333333333333,0.3333333333333333
31,31.0,0.3333333333333333,0.3333333333333333,0.3333333333333333
32,32.0,0.3333333333333333,0.3333333333333333,0.3333333333333333
33,33.0,0.3333333333333333,0.3333333333333333,0.3333333333333333
34,34.0,0.3333333333333333,0.3333333333333333,0.3333333333333333
35,35.0,0.3333333333333333,0.3333333333333333,0.3333333333333333
36,36.0,0.3333333333333333,0.3333333333333333,0.3333333333333333
37,37.0,0.3333333333333333,0.3333333333333333,0.3333333333333333
38,38.0,0.3333333333333333,0.3333333333333333,0.3333333333333333
39,39.0,0.3333333333333333,0.3333333333333333,0.3333333333333333
40,40.0,0.3333333333333333,0.3333333333333333,0.3333333333333333
41,41.0,0.3333333333333333,0.3333333333333333,0.3333333333333333
42,42.0,0.3333333333333333,0.3333333333333333,0.3333333333333333
43,43.0,0.3333333333333333,0.3333333333333333,0.3333333333333333
44,44.0,0.3333333333333333,0.3333333333333333,0.3333333333333333
45,45.0,0.3333333333333333,0.3333333333333333,0.3333333333333333
46,46.0,0.3333333333333333,0.3333333333333333,0.3333333333333333
47,47.0,0.3333333333333333,0.3333333333333333,0.3333333333333333
48,48.0,0.3333333333333333,0.3333333333333333,0.3333333333333333
49,49.0,0.3333333333333333,0.3333333333333333,0.3333333333333333
50,50.0,0.3333333333333333,0.3333333333333333,0.3333333333333333
51,51.0,0.3333333333333333,0.3333333333333333,0.3333333333333333
52,52.0,0.3333333333333333,0.3333333333333333,0.3333333333333333
53,53.0,0.3333333333333333,0.3333333333333333,0.3333333333333333
54,54.0,0.3333333333333333,0.3333333333333333,0.3333333333333333
55,55.0,0.3333333333333333,0.3333333333333333,0.3333333333333333
56,56.0,0.3333333333333333,0.3333333333333333,0.3333333333333333
57,57.0,0.3333333333333333,0.3333333333333333,0.3333333333333333
58,58.0,0.3333333333333333,0.3333333333333333,0.3333333333333333
59,59.0,0.3333333333333333,0.3333333333333333,0.3333333333333333
60,60.0,0.3333333333333333,0.3333333333333333,0.3333333333333333
61,61.0,0.3333333333333333,0.3333333333333333,0.3333333333333333
62,62.0,0.3333333333333333,0.3333333333333333,0.3333333333333333
63,63.0,0.3333333333333333,0.3333333333333333,0.3333333333333333
64,64.0,0.3333333333333333,0.3333333333333333,0.3333333333333333
65,65.0,0.3333333333333333,0.3333333333333333,0.3333333333333333
66,66.0,0.3333333333333333,0.3333333333333333,0.3333333333333333
67,67.0,0.3333333333333333,0.3333333333333333,0.3333333333333333
68,68.0,0.3333333333333333,0.3333333333333333,0.3333333333333333
69,69.0,0.3333333333333333,0.3333333333333333,0.3333333333333333
70,70.0,0.3333333333333333,0.3333333333333333,0.3333333333333333
71,71.0,0.3333333333333333,0.3333333333333333,0.3333333333333333
72,72.0,0.3333333333333333,0.3333333333333333,0.3333333333333333
73,73.0,0.3333333333333333,0.3333333333333333,0.3333333333333333
74,74.0,0.3333333333333333,0.3333333333333333,0.3333333333333333
75,75.0,0.3333333333333333,0.3333333333333333,0.3333333333333333
76,76.0,0.3333333333333333,0.3333333333333333,0.3333333333333333
77,77.0,0.3333333333333333,0.3333333333333333,0.3333333333333333
78,78.0,0.3333333333333333,0.3333333333333333,0.3333333333333333
79,79.0,0.3333333333333333,0.3333333333333333,0.3333333333333333
80,80.0,0.3333333333333333,0.3333333333333333,0.3333333333333333
81,81.0,0.3333333333333333,0.3333333333333333,0.3333333333333333
82,82.0,0.3333333333333333,0.3333333333333333,0.3333333333333333
83,83.0,0.3333333333333333,0.3333333333333333,0.3333333333333333
84,84.0,0.3333333333333333,0.3333333333333333,0.3333333333333333
85,85.0,0.3333333333333333,0.3333333333333333,0.3333333333333333
86,86.0,0.3333333333333333,0.3333333333333333,0.3333333333333333
87,87.0,0.3333333333333333,0.3333333333333333,0.3333333333333333
88,88.0,0.3333333333333333,0.3333333333333333,0.3333333333333333
89,89.0,0.3333333333333333,0.3333333333333333,0.3333333333333333
90,90.0,0.3333333333333333,0.3333333333333333,0.3333333333333333
91,91.0,0.3333333333333333,0.3333333333333333,0.3333333333333333
92,92.0,0.3333333333333333,0.3333333333333333,0.3333333333333333
93,93.0,0.3333333333333333,0.3333333333333333,0.3333333333333333
94,94.0,0.3333333333333333,0.3333333333333333,0.3333333333333333
95,95.0,0.3333333333333333,0.3333333333333333,0.3333333333333333
96,96.0,0.3333333333333333,0.3333333333333333,0.3333333333333333
97,97.0,0.3333333333333333,0.3333333333333333,0.3333333333333333
98,98.0,0.3333333333333333,0.3333333333333333,0.3333333333333333
99,99.0,0.3333333333333333,0.3333333333333333,0.3333333333333333
100,100.0,0.3333333333333333,0.3333333333333333,0.3333333333333333
101,101.0,0.3333333333333333,0.3333333333333333,0.3333333333333333
102,102.0,0.3333333333333333,0.3333333333333333,0.3333333333333333
103,103.0,0.3333333333333333,0.3333333333333333,0.3333333333333333
104,104.0,0.3333333333333333,0.3333333333333333,0.3333333333333333
105,105.0,0.3333333333333333,0.3333333333333333,0.3333333333333333
106,106.0,0.3333333333333333,0.3333333333333333,0.3333333333333333
107,107.0,0.3333333333333333,0.3333333333333333,0.3333333333333333
108,108.0,0.3333333333333333,0.3333333333333333,0.3333333333333333
109,109.0,0.3333333333333333,0.3333333333333333,0.3333333333333333
110,110.0,0.3333333333333333,0.3333333333333333,0.3333333333333333
111,111.0,0.3333333333333333,0.3333333333333333,0.3333333333333333
112,112.0,0.3333333333333333,0.3333333333333333,0.3333333333333333
113,113.0,0.3333333333333333,0.3333333333333333,0.3333333333333333
114,114.0,0.3333333333333333,0.3333333333333333,0.3333333333333333
115,115.0,0.3333333333333333,0.3333333333333333,0.3333333333333333
116,116.0,0.3333333333333333,0.3333333333333333,0.3333333333333333
117,117.0,0.3333333333333333,0.3333333333333333,0.3333333333333333
118,118.0,0.3333333333333333,0.3333333333333333,0.3333333333333333
119,119.0,0.3333333333333333,0.3333333333333333,0.3333333333333333
120,120.0,0.3333333333333333,0.3333333333333333,0.3333333333333333
121,121.0,0.3333333333333333,0.3333333333333333,0.3333333333333333
122,122.0,0.3333333333333333,0.3333333333333333,0.3333333333333333
123,123.0,0.3333333333333333,0.3333333333333333,0.3333333333333333
124,124.0,0.3333333333333333,0.3333333333333333,0.3333333333333333
125,125.0,0.3333333333333333,0.3333333333333333,0.3333333333333333
126,126.0,0.3333333333333333,0.3333333333333333,0.3333333333333333
127,127.0,0.3333333333333333,0.3333333333333333,0.3333333333333333
128,128.0,0.3333333333333333,0.3333333333333333,0.3333333333333333
129,129.0,0.3333333333333333,0.3333333333333333,0.3333333333333333
130,130.0,0.3333333333333333,0.3333333333333333,0.3333333333333333
131,131.0,0.3333333333333333,0.3333333333333333,0.3333333333333333
132,132.0,0.3333333333333333,0.3333333333333333,0.3333333333333333
133,133.0,0.3333333333333333,0.3333333333333333,0.3333333333333333
134,134.0,0.3333333333333333,0.3333333333333333,0.3333333333333333
135,135.0,0.3333333333333333,0.3333333333333333,0.3333333333333333
136,136.0,0.3333333333333333,0.3333333333333333,0.3333333333333333
137,137.0,0.3333333333333333,0.3333333333333333,0.3333333333333333
138,138.0,0.3333333333333333,0.3333333333333333,0.3333333333333333
139,139.0,0.3333333333333333,0.3333333333333333,0.3333333333333333
140,140.0,0.3333333333333333,0.3333333333333333,0.3333333333333333
141,141.0,0.3333333333333333,0.3333333333333333,0.3333333333333333
142,142.0,0.3333333333333333,0.3333333333333333,0.3333333333333333
143,143.0,0.3333333333333333,0.3333333333333333,0.3333333333333333
144,144.0,0.3333333333333333,0.3333333333333333,0.3333333333333333
145,145.0,0.3333333333333333,0.3333333333333333,0.3333333333333333
146,146.0,0.3333333333333333,0.3333333333333333,0.3333333333333333
147,147.0,0.3333333333333333,0.3333333333333333,0.3333333333333333
148,148.0,0.3333333333333333,0.3333333333333333,0.3333333333333333
149,149.0,0.3333333333333333,0.3333333333333333,0.3333333333333333
150,150.0,0.3333333333333333,0.3333333333333333,0.3333333333333333
151,151.0,0.3333333333333333,0.3333333333333333,0.3333333333333333
152,152.0,0.3333333333333333,0.3333333333333333,0.3333333333333333
153,153.0,0.3333333333333333,0.3333333333333333,0.3333333333333333
154,154.0,0.3333333333333333,0.3333333333333333,0.3333333333333333
155,155.0,0.3333333333333333,0.3333333333333333,0.3333333333333333
156,156.0,0.3333333333333333,0.3333333333333333,0.3333333333333333
157,157.0,0.3333333333333333,0.3333333333333333,0.3333333333333333
158,158.0,0.3333333333333333,0.3333333333333333,0.3333333333333333
159,159.0,0.3333333333333333,0.3333333333333333,0.3333333333333333
160,160.0,0.3333333333333333,0.3333333333333333,0.3333333333333333
161,161.0,0.3333333333333333,0.3333333333333333,0.3333333333333333
162,162.0,0.3333333333333333,0.3333333333333333,0.3333333333333333
163,163.0,0.3333333333333333,0.3333333333333333,0.3333333333333333
164,164.0,0.3333333333333333,0.3333333333333333,0.3333333333333333
165,165.0,0.3333333333333333,0.3333333333333333,0.3333333333333333
166,166.0,0.3333333333333333,0.3333333333333333,0.3333333333333333
167,167.0,0.3333333333333333,0.3333333333333333,0.3333333333333333
168,168.0,0.3333333333333333,0.3333333333333333,0.3333333333333333
169,169.0,0.3333333333333333,0.3333333333333333,0.3333333333333333
170,170.0,0.3333333333333333,0.3333333333333333,0.3333333333333333
171,171.0,0.3333333333333333,0.3333333333333333,0.3333333333333333
172,172.0,0.3333333333333333,0.3333333333333333,0.3333333333333333
173,173.0,0.3333333333333333,0.3333333333333333,0.3333333333333333
174,174.0,0.3333333333333333,0.3333333333333333,0.3333333333333333
175,175.0,0.3333333333333333,0.3333333333333333,0.3333333333333333
176,176.0,0.3333333333333333,0.3333333333333333,0.3333333333333333
177,177.0,0.3333333333333333,0.3333333333333333,0.3333333333333333
178,178.0,0.3333333333333333,0.3333333333333333,0.3333333333333333
179,179.0,0.3333333333333333,0.3333333333333333,0.3333333333333333
180,180.0,0.3333333333333333,0.3333333333333333,0.3333333333333333
181,181.0,0.3333333333333333,0.3333333333333333,0.3333333333333333
182,182.0,0.3333333333333333,0.3333333333333333,0.3333333333333333
183,183.0,0.3333333333333333,0.3333333333333333,0.3333333333333333
184,184.0,0.3333333333333333,0.3333333333333333,0.3333333333333333
185,185.0,0.3333333333333333,0.3333333333333333,0.3333333333333333
186,186.0,0.3333333333333333,0.3333333333333333,0.3333333333333333
187,187.0,0.3333333333333333,0.3333333333333333,0.3333333333333333
188,188.0,0.3333333333333333,0.3333333333333333,0.3333333333333333
189,189.0,0.3333333333333333,0.3333333333333333,0.3333333333333333
190,190.0,0.3333333333333333,0.3333333333333333,0.3333333333333333
191,191.0,0.3333333333333333,0.3333333333333333,0.3333333333333333
192,192.0,0.3333333333333333,0.3333333333333333,0.3333333333333333
193,193.0,0.3333333333333333,0.3333333333333333,0.3333333333333333
194,194.0,0.3333333333333333,0.3333333333333333,0.3333333333333333
195,195.0,0.3333333333333333,0.3333333333333333,0.3333333333333333
196,196.0,0.3333333333333333,0.3333333333333333,0.3333333333333333
197,197.0,0.3333333333333333,0.3333333333333333,0.3333333333333333
198,198.0,0.3296723682817081,0.3336765176773585,0.3366511140409335
199,199.0,0.3195944695540055,0.3378781723206515,0.3425273581253432
200,200.0,0.3015976668663728,0.3478890794420481,0.3505132536915794
201,201.0,0.2839011871110838,0.3577592828072545,0.3583395300816619
202,202.0,0.2666519627924572,0.3674041507582375,0.3659438864493055
203,203.0,0.2499777606100129,0.3767497681569099,0.3732724712330774
204,204.0,0.2339878203719572,0.3857326038845158,0.3802795757435271
205,205.0,0.2187736152862318,0.394299107750886,0.3869272769628823
206,206.0,0.2044097138884609,0.4024052479034802,0.3931850382080591
207,207.0,0.1909547248238267,0.4100159993121501,0.3990292758640233
208,208.0,0.1784523067496619,0.4171047933372014,0.4044428999131368
209,209.0,0.1669322267476613,0.4236529377767456,0.4094148354755933
210,210.0,0.1564114518106284,0.4296490161449378,0.413939532044434
211,211.0,0.1468952591814367,0.4350882742652313,0.4180164665533322
212,212.0,0.1383783525555941,0.439972001581213,0.421649645863193
213,213.0,0.1308459723990241,0.4443069139001544,0.4248471137008215
214,214.0,0.1242749898663651,0.44810454359857,0.4276204665350648
215,215.0,0.1186349750205527,0.4513806426415284,0.4299843823379189
216,216.0,0.1138892312413602,0.4541546031041455,0.4319561656544943
217,217.0,0.1099957888599177,0.4564488992398294,0.4335553119002529
218,218.0,0.1069083521602645,0.4582885545199165,0.434803093319819
219,219.0,0.1045771949412182,0.4597006364771657,0.435722168581616
220,220.0,0.1029500008269086,0.4607137816242883,0.4363362175488031
221,221.0,0.1019726454480052,0.4613577521908256,0.4366696023611691
222,222.0,0.1015899184847563,0.4616630259291709,0.4367470555860727
223,223.0,0.1017461843652291,0.4616604197847599,0.436593395850011
224,224.0,0.1023859811462465,0.4613807478073123,0.4362332710464412
225,225.0,0.103454557769944,0.4608545132999063,0.4356909289301497
226,226.0,0.1048983504858166,0.4601116348606117,0.4349900146535717
227,227.0,0.106665399757488,0.4591812056670104,0.4341533945755016
228,228.0,0.1087057094366616,0.4580912850864691,0.4332030054768692
229,229.0,0.1109715503857956,0.4568687214634871,0.4321597281507172
230,230.0,0.1134177110684025,0.4555390047385385,0.4310432841930591
231,231.0,0.1160016979043089,0.4541261473890692,0.429872154706622
232,232.0,0.1186838884098258,0.4526525920510261,0.4286635195391481
233,233.0,0.1214276403129371,0.4511391440766469,0.427433215610416
234,234.0,0.1241993599548521,0.4496049272093091,0.4261957128358387
235,235.0,0.1269685333652714,0.448067360506982,0.4249641061277465
236,236.0,0.1297077234332403,0.4465421546201877,0.4237501219465719
237,237.0,0.1323925365923242,0.4450433255262409,0.4225641378814349
238,238.0,0.1350015624018207,0.4435832238367962,0.4214152137613831
239,239.0,0.1375162893385936,0.442172577828298,0.4203111328331083
240,240.0,0.1399210000205476,0.4408205483927366,0.4192584515867157
241,241.0,0.1422026489663449,0.4395347941671739,0.4182625568664811
242,242.0,0.1443507258601434,0.4383215451728656,0.4173277289669909
243,243.0,0.1463571071382048,0.4371856833766294,0.4164572094851657
244,244.0,0.1482158985493223,0.4361308286766205,0.415653272774057
245,245.0,0.1499232711660791,0.4351594289102162,0.4149172999237045
246,246.0,0.1514772931417437,0.4342728525817201,0.414249854276536
247,247.0,0.1528777593206687,0.4334714831106264,0.4136507575687048
248,248.0,0.1541260206207387,0.4327548135059058,0.4131191658733554
249,249.0,0.1552248149168387,0.432121540476968,0.4126536446061932
250,250.0,0.1561781009664045,0.4315696570965242,0.4122522419370711
251,251.0,0.1569908967335939,0.4310965432335295,0.4119125600328763
252,252.0,0.1576691232889728,0.4306990530748689,0.4116318236361581
253,253.0,0.1582194552881683,0.4303735991516956,0.4114069455601358
254,254.0,0.1586491788668068,0.4301162323796926,0.4112345887535003
255,255.0,0.1589660576311577,0.4299227177114629,0.4111112246573791
256,256.0,0.1591782072750062,0.4297886050833115,0.411033187641682
257,257.0,0.159293979213964,0.4297092954175121,0.4109967253685237
258,258.0,0.1593218534991307,0.4296801015144874,0.4109980449863817
259,259.0,0.1592703411530337,0.4296963037369902,0.4110333551099759
260,260.0,0.1591478959622603,0.4297532004502428,0.4110989035874967
261,261.0,0.1589628356631859,0.4298461532380376,0.4111910110987763
262,262.0,0.1587232723696313,0.4299706269650425,0.4113061006653259
263,263.0,0.1584370520139802,0.4301222248000664,0.4114407231859532
264,264.0,0.1581117025059987,0.4302967183539572,0.4115915791400439
265,265.0,0.1577543902559995,0.4304900731192893,0.411755536624711
266,266.0,0.1573718846606846,0.4306984694272652,0.41192964591205
267,267.0,0.1569705301105386,0.4309183191605408,0.4121111507289205
268,268.0,0.1565562250465461,0.4311462784792533,0.4122974964742005
269,269.0,0.1561344075707316,0.431379256831672,0.4124863355975963
270,270.0,0.1557100470990355,0.4316144225309021,0.4126755303700624
271,271.0,0.155287641535763,0.43184920518527,0.412863153278967
272,272.0,0.1548712194457043,0.4320812952727184,0.4130474852815772
273,273.0,0.1544643467024387,0.4323086411490647,0.4132270121484965
274,274.0,0.1540701370987196,0.4325294437766557,0.4134004191246248
275,275.0,0.1536912664166294,0.4327421494540909,0.4135665841292797
276,276.0,0.1533299894708263,0.4329454408196116,0.4137245697095622
277,277.0,0.1529881596571395,0.4331382263907541,0.4138736139521066
278,278.0,0.1526672505604942,0.4333196288912447,0.4140131205482612
279,279.0,0.1523683792001527,0.4334889726031437,0.4141426481967036
280,280.0,0.1520923305160882,0.4336457699681914,0.4142618995157205
281,281.0,0.1518395827275135,0.4337897076474222,0.4143707096250644
282,282.0,0.1516103332227654,0.4339206322326258,0.414469034544609
283,283.0,0.1514045246685088,0.4340385357873526,0.4145569395441388
284,284.0,0.1512218710552369,0.4341435413791031,0.4146345875656601
285,285.0,0.1510618834249842,0.4342358887482576,0.4147022278267584
286,286.0,0.1509238950557511,0.4343159202433839,0.4147601847008651
287,287.0,0.1508070859051281,0.4343840671369336,0.4148088469579383
288,288.0,0.1507105061427604,0.4344408364201291,0.4148486574371106
289,289.0,0.1506330986274462,0.4344867981611736,0.4148801032113804
290,290.0,0.1505737202096331,0.4345225734968718,0.4149037062934952
291,291.0,0.1505311617637493,0.4345488233144014,0.4149200149218494
292,292.0,0.1505041668770607,0.434566237667404,0.4149295954555354
293,293.0,0.1504914491425146,0.4345755259588022,0.4149330248986833
294,294.0,0.1504917080222422,0.4345774079118425,0.4149308840659154
295,295.0,0.1505036432660189,0.4345726053408303,0.4149237513931509
296,296.0,0.150525967885002,0.4345618347238809,0.4149121973911172
297,297.0,0.1505574196954811,0.4345458005717575,0.4148967797327614
298,298.0,0.1505967714602017,0.4345251895794989,0.4148780389602995
299,299.0,0.1506428396660925,0.4345006655410411,0.4148564947928665
300,300.0,0.1506944919869775,0.4344728650013886,0.414832643011634
301,301.0,0.1507506534881486,0.4344423936160573,0.4148069528957941
302,302.0,0.1508103116365653,0.4344098231834686,0.4147798651799662
303,303.0,0.1508725201860189,0.434375689312674,0.4147517905013071
304,304.0,0.1509364020109113,0.434340489686202,0.4147231083028866
305,305.0,0.1510011509654496,0.4343046828758851,0.4146941661586652
306,306.0,0.1510660328471238,0.434268687668211,0.4146652794846651
307,307.0,0.1511303855444036,0.4342328828549922,0.4146367316006041
308,308.0,0.1511936184487557,0.4341976074449152,0.4146087741063289
309,309.0,0.1512552112104293,0.4341631612517667,0.4145816275378038
310,310.0,0.1513147119160755,0.4341298058157852,0.414555482268139
311,311.0,0.1513717347642406,0.4340977656156141,0.4145304996201451
312,312.0,0.1514259573121911,0.4340672295296738,0.4145068131581348
313,313.0,0.1514771173644689,0.4340383525074008,0.4144845301281301
314,314.0,0.1515250095701184,0.434011257412651,0.4144637330172304
315,315.0,0.1515694817917461,0.4339860370036196,0.4144444812046341
316,316.0,0.1516104313055379,0.433962756015825,0.4144268126786369
317,317.0,0.1516478008871393,0.4339414533170216,0.4144107457958388
318,318.0,0.1516815748339535,0.4339221441052983,0.414396281060748
319,319.0,0.151711774969991,0.4339048221240643,0.4143834029059446
320,320.0,0.1517384566749691,0.4338894618700828,0.4143720814549478
321,321.0,0.151761704974944,0.4338760207731688,0.4143622742518871
322,322.0,0.1517816307274162,0.4338644413285843,0.4143539279439993
323,323.0,0.1517983669296113,0.4338546531655424,0.4143469799048462
324,324.0,0.151812065174535,0.4338465750375191,0.4143413597879457
325,325.0,0.1518228922754653,0.4338401167222929,0.4143369910022416
326,326.0,0.1518310270757922,0.4338351808217364,0.4143337921024713
327,327.0,0.1518366574575727,0.433831664453388,0.4143316780890392
328,328.0,0.1518399775588437,0.4338294608277106,0.4143305616134456
329,329.0,0.1518411852066435,0.4338284607066937,0.4143303540866628
330,330.0,0.1518404795698411,0.4338285537410815,0.4143309666890774
331,331.0,0.1518380590332648,0.4338296296849896,0.4143323112817455
332,332.0,0.1518341192922577,0.433831579488027,0.4143343012197152
333,333.0,0.1518288516646731,0.4338342962662503,0.4143368520690766
334,334.0,0.1518224416154444,0.4338376761543586,0.4143398822301968
335,335.0,0.1518150674872285,0.4338416190424825,0.4143433134702889
336,336.0,0.1518068994292061,0.4338460292017391,0.4143470713690547
337,337.0,0.1517980985149381,0.4338508158034226,0.4143510856816391
338,338.0,0.1517888160391919,0.4338558933372734,0.4143552906235345
339,339.0,0.1517791929828726,0.4338611819347364,0.4143596250823909
340,340.0,0.1517693596346007,0.4338666076034755,0.4143640327619234
341,341.0,0.1517594353570544,0.433872102379676,0.4143684622632693
342,342.0,0.1517495284859364,0.4338776044048296,0.4143728671092337
343,343.0,0.1517397363493151,0.4338830579337895,0.4143772057168952
344,344.0,0.151730145395107,0.4338884132808854,0.4143814413240073
345,345.0,0.151720831414613,0.4338936267108328,0.414385541874554
346,346.0,0.1517118598502665,0.4338986602810471,0.4143894798686863
347,347.0,0.1517032861760962,0.4339034816417994,0.4143932321821043
348,348.0,0.1516951563398263,0.4339080638004284,0.4143967798597452
349,349.0,0.1516875072560293,0.4339123848555601,0.4144001078884104
350,350.0,0.1516803673402961,0.433916427706993,0.4144032049527107
351,351.0,0.1516737570749775,0.4339201797465827,0.4144060631784398
352,352.0,0.1516676895976852,0.4339236325351174,0.4144086778671973
353,353.0,0.1516621713043896,0.4339267814698175,0.4144110472257929
354,354.0,0.1516572024596239,0.4339296254467192,0.4144131720936568
355,355.0,0.1516527778069828,0.4339321665218336,0.4144150556711835
356,356.0,0.1516488871737802,0.4339344095745881,0.4144167032516315
357,357.0,0.1516455160644044,0.4339363619766912,0.4144181219589042
358,358.0,0.1516426462375664,0.433938033269187,0.4144193204932465
359,359.0,0.1516402562632808,0.4339394348501113,0.4144203088866078
360,360.0,0.1516383220560352,0.433940579674812,0.4144210982691527
361,361.0,0.151636817381198,0.4339414819706644,0.4144217006481374
362,362.0,0.1516357143322769,0.4339421569675948,0.4144221287001281
363,363.0,0.1516349837771694,0.4339426206455263,0.4144223955773042
364,364.0,0.1516345957720452,0.4339428894995792,0.4144225147283755
365,365.0,0.1516345199419573,0.433942980323601,0.4144224997344417
366,366.0,0.1516347258277028,0.4339429100123546,0.4144223641599426
367,367.0,0.1516351831988411,0.4339426953824791,0.4144221214186798
368,368.0,0.1516358623331213,0.4339423530121363,0.4144217846547423
369,369.0,0.1516367342628866,0.4339418990990764,0.4144213666380369
370,370.0,0.1516377709892907,0.4339413493367016,0.4144208796740076
371,371.0,0.1516389456654059,0.4339407188075672,0.4144203355270268
372,372.0,0.1516402327494997,0.4339400218936405,0.4144197453568597
373,373.0,0.1516416081299334,0.4339392722025401,0.4144191196675265
374,374.0,0.1516430492232686,0.4339384825088941,0.4144184682678371
375,375.0,0.1516445350472819,0.4339376647098938,0.4144178002428241
376,376.0,0.1516460462706654,0.4339368297940645,0.41441712393527
377,377.0,0.1516475652412481,0.4339359878222474,0.4144164469365044
378,378.0,0.1516490759946043,0.4339351479197595,0.4144157760856361
379,379.0,0.1516505642449231,0.4339343182786928,0.4144151174763841
380,380.0,0.1516520173600051,0.4339335061693156,0.4144144764706792
381,381.0,0.1516534243222231,0.433932717959553,0.4144138577182238
382,382.0,0.1516547756772413,0.4339319591415411,0.4144132651812175
383,383.0,0.1516560634722296,0.4339312343642849,0.4144127021634855
384,384.0,0.151657281185241,0.4339305474714813,0.4144121713432777
385,385.0,0.1516584236473432,0.4339299015436132,0.4144116748090436
386,386.0,0.1516594869590059,0.4339292989434657,0.4144112140975283
387,387.0,0.1516604684021566,0.4339287413642683,0.4144107902335751
388,388.0,0.1516613663492149,0.4339282298797178,0.4144104037710672
389,389.0,0.1516621801703196,0.4339277649951952,0.4144100548344853
390,390.0,0.1516629101398548,0.4339273466995428,0.4144097431606025
391,391.0,0.1516635573432822,0.4339269745168301,0.4144094681398877
392,392.0,0.1516641235851783,0.4339266475575904,0.4144092288572313
393,393.0,0.1516646112992773,0.4339263645690686,0.4144090241316541
394,394.0,0.1516650234612179,0.4339261239840783,0.4144088525547039
395,395.0,0.1516653635045965,0.4339259239681161,0.4144087125272874
396,396.0,0.1544652845692295,0.435764375677009,0.4097703397537616
397,397.0,0.1572371449467905,0.4375844775298693,0.4051783775233403
398,398.0,0.1629096461962157,0.4324797034799582,0.4046106503238262
399,399.0,0.1784573802045264,0.4183679162365145,0.4031747035589592
400,400.0,0.194919191394435,0.4022063860876218,0.4028744225179432
401,401.0,0.2109918901273091,0.3863495181121631,0.4026585917605279
402,402.0,0.2265536606615233,0.3709254147725495,0.4025209245659271
403,403.0,0.2414999781116016,0.3560450406385927,0.4024549812498057
404,404.0,0.2557429246114567,0.3418028265310666,0.4024542488574767
405,405.0,0.2692104077911124,0.3282773785884034,0.4025122136204843
406,406.0,0.2818452991507921,0.3155322746735434,0.4026224261756647
407,407.0,0.2936045089588965,0.3036169314228548,0.4027785596182488
408,408.0,0.3044580132725022,0.2925675262024275,0.4029744605250704
409,409.0,0.314387847597923,0.2824079592614396,0.4032041931406377
410,410.0,0.3233870805907232,0.2731508424413569,0.4034620769679202
411,411.0,0.3314587800542368,0.2647985018982898,0.4037427180474737
412,412.0,0.3386149823467574,0.2573439834099675,0.4040410342432755
413,413.0,0.344875675162459,0.2507720499557987,0.4043522748817428
414,414.0,0.3502678025208665,0.2450601623669096,0.4046720351122244
415,415.0,0.3548242996941252,0.2401794349326613,0.404996265373214
416,416.0,0.3585831647290176,0.2360955589119321,0.4053212763590508
417,417.0,0.3615865721890311,0.2327696879235774,0.4056437398873919
418,418.0,0.3638800337570537,0.2301592801742433,0.4059606860687034
419,419.0,0.3655116094066041,0.2282188934175211,0.4062694971758751
420,420.0,0.3665311719730342,0.2269009294217169,0.4065678986052493
421,421.0,0.3669897271389916,0.2261563255506968,0.406853947310312
422,422.0,0.3669387900928639,0.2259351918306926,0.4071260180764438
423,423.0,0.3664298194263211,0.2261873925838029,0.4073827879898763
424,424.0,0.36551370820807,0.226863072355185,0.4076232194367453
425,425.0,0.364240331605464,0.227913126445298,0.4078465419492383
426,426.0,0.3626581499229647,0.2292896168813675,0.4080522331956681
427,427.0,0.3608138654853862,0.2309461351244374,0.4082399993901766
428,428.0,0.3587521314126125,0.2328381132113768,0.408409755376011
429,429.0,0.3565153100088906,0.2349230853769295,0.4085616046141801
430,430.0,0.3541432782213528,0.2371609024915785,0.408695819287069
431,431.0,0.3516732774062558,0.2395139018892677,0.4088128207044768
432,432.0,0.3491398044745067,0.2419470353477162,0.4089131601777773
433,433.0,0.3465745413670881,0.2444279581262637,0.4089975005066485
434,434.0,0.3440063197326411,0.2469270820651147,0.4090665982022444
435,435.0,0.3414611176402131,0.2494175958088503,0.4091212865509368
436,436.0,0.3389620851565264,0.2518754552395448,0.409162459603929
437,437.0,0.3365295956455438,0.2542793471941953,0.4091910571602611
438,438.0,0.3341813197051047,0.2566106295008597,0.4092080507940357
439,439.0,0.3319323187375591,0.25885325030127,0.409214430961171
440,440.0,0.3297951552552932,0.2609936495380474,0.4092111952066595
441,441.0,0.3277800171446016,0.2630206453751876,0.4091993374802108
442,442.0,0.3258948532494338,0.2649253081942828,0.4091798385562835
443,443.0,0.3241455177871891,0.2667008246689465,0.4091536575438643
444,444.0,0.3225359212691977,0.2683423542688753,0.4091217244619269
445,445.0,0.3210681857662141,0.2698468803855434,0.4090849338482424
446,446.0,0.3197428025317674,0.2712130581061102,0.4090441393621223
447,447.0,0.3185587901713484,0.2724410604929801,0.4090001493356715
448,448.0,0.3175138517211585,0.2735324250556541,0.4089537232231874
449,449.0,0.3166045291746766,0.2744899019309251,0.4089055688943983
450,450.0,0.3158263541669969,0.2753173051187807,0.4088563407142225
451,451.0,0.3151739936943158,0.2760193679560838,0.4088066383496005
452,452.0,0.3146413899078603,0.2766016038495167,0.4087570062426231
453,453.0,0.3142218931768725,0.277070173134532,0.4087079336885956
454,454.0,0.3139083877631154,0.2774317567791214,0.4086598554577633
455,455.0,0.3136934095890035,0.2776934375108816,0.408613152900115
456,456.0,0.3135692557123135,0.2778625888137778,0.4085681554739088
457,457.0,0.31352808524207,0.2779467721176676,0.4085251426402625
458,458.0,0.3135620115423308,0.2779536423894126,0.4084843460682567
459,459.0,0.3136631856730429,0.2778908622295099,0.4084459520974473
460,460.0,0.313823871109854,0.2777660244827233,0.4084101044074227
461,461.0,0.3140365098677861,0.2775865832852091,0.4083769068470049
462,462.0,0.3142937802271479,0.277359793394015,0.4083464263788372
463,463.0,0.3145886463242026,0.2770926575774212,0.4083186960983763
464,464.0,0.3149143999242105,0.2767918817861334,0.4082937182896562
465,465.0,0.3152646947408762,0.2764638377755339,0.4082714674835899
466,466.0,0.3156335737043673,0.27611453280766,0.4082518934879727
467,467.0,0.3160154896103662,0.2757495860279178,0.408234924361716
468,468.0,0.3164053196055623,0.2753742110852916,0.4082204693091462
469,469.0,0.3167983739810838,0.2749932045454959,0.4082084214734204
470,470.0,0.3171903997551429,0.2746109396336458,0.4081986606112113
471,471.0,0.3175775795301454,0.2742313648360652,0.4081910556337895
472,472.0,0.3179565261082469,0.2738580068893029,0.4081854670024504
473,473.0,0.3183242733433564,0.2734939776877447,0.408181748968899
474,474.0,0.3186782636974221,0.2731419846488858,0.4081797516536922
475,475.0,0.3190163329550077,0.2728043440868448,0.4081793229581476
476,476.0,0.3193366925331853,0.2724829971595605,0.4081803103072544
477,477.0,0.319637909804114,0.2721795279728298,0.4081825622230564
478,478.0,0.3199188868258094,0.2718951834444648,0.408185929729726
479,479.0,0.3201788378529777,0.2716308945539126,0.4081902675931098
480,480.0,0.3204172659748002,0.2713872986262974,0.4081954353989026
481,481.0,0.3206339392005931,0.2711647623246016,0.4082012984748054
482,482.0,0.3208288662877013,0.2709634050492503,0.4082077286630484
483,483.0,0.3210022725791225,0.2707831224703626,0.4082146049505151
484,484.0,0.321154576091511,0.2706236099440809,0.4082218139644082
485,485.0,0.3212863640676461,0.2704843855904075,0.4082292503419464
486,486.0,0.321398370181392,0.2703648128356183,0.4082368169829897
487,487.0,0.32149145255785,0.2702641222473727,0.4082444251947772
488,488.0,0.3215665727469844,0.2701814325148989,0.4082519947381167
489,489.0,0.3216247757656362,0.2701157704499443,0.4082594537844194
490,490.0,0.3216671713006672,0.2700660899064067,0.4082667387929261
491,491.0,0.321694916145089,0.2700312895375797,0.4082737943173312
492,492.0,0.3217091979195184,0.2700102293296805,0.408280572750801
493,493.0,0.3217112201132104,0.2700017458686953,0.4082870340180942
494,494.0,0.3217021884623018,0.2700046663145427,0.4082931452231555
495,495.0,0.3216832986677617,0.2700178210720808,0.4082988802601576
496,496.0,0.3216557254418986,0.2700400551625651,0.4083042193955363
497,497.0,0.3216206128601035,0.2700702383117963,0.4083091488281002
498,498.0,0.3215790659837876,0.2701072737824073,0.4083136602338051
499,499.0,0.3215321437111661,0.2701501059875541,0.4083177503012799
500,500.0,0.3214808528045957,0.2701977269317315,0.4083214202636728
501,501.0,0.3214261430365371,0.2702491815315948,0.4083246754318681
502,502.0,0.3213689033908196,0.2703035718755768,0.4083275247336037
503,503.0,0.3213099592516664,0.2703600604858256,0.408329980262508
504,504.0,0.3212500705098125,0.2704178726496123,0.4083320568405753
505,505.0,0.3211899305129465,0.2704762978899451,0.4083337715971085
506,506.0,0.3211301657865383,0.270534690646766,0.4083351435666956
507,507.0,0.3210713364508063,0.2705924702408582,0.4083361933083356
508,508.0,0.32101393726004,0.2706491201925534,0.4083369425474066
509,509.0,0.3209583991916507,0.2707041869665745,0.4083374138417748
510,510.0,0.3209050915140845,0.2707572782129487,0.4083376302729669
511,511.0,0.3208543242650347,0.2708080605719768,0.4083376151629885
512,512.0,0.3208063510741402,0.2708562571088034,0.4083373918170565
513,513.0,0.3207613722674944,0.2709016444402801,0.4083369832922255
514,514.0,0.320719538194739,0.2709440496136273,0.4083364121916338
515,515.0,0.3206809527232124,0.2709833467929244,0.4083357004838635
516,516.0,0.320645676847507,0.2710194538057834,0.4083348693467098
517,517.0,0.3206137323667977,0.2710523285987197,0.4083339390344829
518,518.0,0.3205851055863921,0.271081965645796,0.4083329287678122
519,519.0,0.3205597510040637,0.2711083923511276,0.408331856644809
520,520.0,0.3205375949458282,0.2711316654818357,0.4083307395723363
521,521.0,0.3205185391198587,0.2711518676640756,0.408329593216066
522,522.0,0.3205024640611882,0.2711691039708716,0.4083284319679404
523,523.0,0.3204892324436735,0.2711834986267002,0.4083272689296264
524,524.0,0.3204786922393743,0.2711951918500999,0.408326115910526
525,525.0,0.3204706797090119,0.2712043368520795,0.4083249834389088
526,526.0,0.3204650222104963,0.2712110970047613,0.4083238807847426
527,527.0,0.3204615408156279,0.2712156431915482,0.4083228159928239
528,528.0,0.3204600527279908,0.2712181513471619,0.4083217959248474
529,529.0,0.3204603734977381,0.2712188001931634,0.4083208263090985
530,530.0,0.3204623190314341,0.2712177691720541,0.4083199117965118
531,531.0,0.3204657073973467,0.2712152365807561,0.4083190560218972
532,532.0,0.3204703604285953,0.2712113779022012,0.4083182616692035
533,533.0,0.3204761051283338,0.2712063643319007,0.4083175305397655
534,534.0,0.3204827748827157,0.2712003614947322,0.408316863622552
535,535.0,0.320490210488733,0.2711935283457541,0.4083162611655129
536,536.0,0.3204982610051619,0.2711860162476373,0.4083157227472009
537,537.0,0.3205067844357969,0.2711779682162766,0.4083152473479265
538,538.0,0.3205156482549111,0.2711695183253102,0.4083148334197788
539,539.0,0.3205247297854655,0.2711607912596082,0.4083144789549264
540,540.0,0.3205339164410105,0.2711519020073012,0.4083141815516884
541,541.0,0.3205431058424915,0.2711429556795728,0.4083139384779357
542,542.0,0.3205522058213002,0.2711340474472425,0.4083137467314573
543,543.0,0.3205611343199157,0.2711252625830937,0.4083136030969907
544,544.0,0.3205698192013711,0.2711166765989497,0.4083135041996792
545,545.0,0.320578197978568,0.2711083554666516,0.4083134465547805
546,546.0,0.3205862174741601,0.2711003559123376,0.4083134266135023
547,547.0,0.3205938334213521,0.2710927257737526,0.4083134408048953
548,548.0,0.3206010100155121,0.2710855044107095,0.4083134855737784
549,549.0,0.3206077194260016,0.2710787231592845,0.4083135574147138
550,550.0,0.3206139412770828,0.2710724058208301,0.4083136529020871
551,551.0,0.3206196621061858,0.2710665691774337,0.4083137687163805
552,552.0,0.3206248748072173,0.2710612235260236,0.4083139016667592
553,553.0,0.3206295780659741,0.2710563732239151,0.4083140487101108
554,554.0,0.3206337757940962,0.2710520172391993,0.4083142069667045
555,555.0,0.3206374765673658,0.2710481496999839,0.4083143737326503
556,556.0,0.3206406930735354,0.2710447604371112,0.4083145464893535
557,557.0,0.3206434415742534,0.2710418355155755,0.4083147229101712
558,558.0,0.3206457413850577,0.2710393577504585,0.4083149008644838
559,559.0,0.3206476143768317,0.2710373072037696,0.4083150784193988
560,560.0,0.3206490845015606,0.2710356616591328,0.4083152538393066
561,561.0,0.3206501773447017,0.2710343970717893,0.4083154255835091
562,562.0,0.3206509197059824,0.2710334879918831,0.4083155923021345
563,563.0,0.3206513392099758,0.2710329079594696,0.4083157528305545
564,564.0,0.3206514639473709,0.2710326298701237,0.4083159061825054
565,565.0,0.3206513221474533,0.2710326263104321,0.4083160515421146
566,566.0,0.3206509418819537,0.2710328698630262,0.4083161882550201
567,567.0,0.3206503508000851,0.2710333333811516,0.4083163158187634
568,568.0,0.3206495758943032,0.2710339902330738,0.408316433872623
569,569.0,0.3206486432960572,0.271034814516894,0.4083165421870489
570,570.0,0.3206475781005759,0.2710357812465842,0.4083166406528401
571,571.0,0.3206464042195376,0.2710368665102604,0.4083167292702022
572,572.0,0.3206451442603085,0.2710380476018872,0.4083168081378044
573,573.0,0.3206438194302998,0.2710393031277535,0.4083168774419469
574,574.0,0.3206424494648897,0.2710406130891765,0.408316937445934
575,575.0,0.3206410525772724,0.2710419589429863,0.4083169884797415
576,576.0,0.3206396454285447,0.2710433236414062,0.4083170309300492
577,577.0,0.320638243116305,0.271044691652991,0.4083170652307041
578,578.0,0.320636859180027,0.2710460489663083,0.4083170918536648
579,579.0,0.3206355056214771,0.2710473830780517,0.4083171113004713
580,580.0,0.3206341929384682,0.2710486829672612,0.4083171240942709
581,581.0,0.3206329301702761,0.271049939057298,0.4083171307724261
582,582.0,0.3206317249531011,0.271051143167179,0.4083171318797201
583,583.0,0.3206305835840133,0.2710522884538211,0.4083171279621658
584,584.0,0.3206295110918948,0.2710533693466817,0.4083171195614237
585,585.0,0.3206285113139699,0.2710543814762103,0.4083171072098199
586,586.0,0.3206275869765985,0.2710553215974449,0.4083170914259568
587,587.0,0.3206267397790988,0.2710561875100025,0.4083170727108989
588,588.0,0.3206259704794588,0.2710569779756251,0.4083170515449161
589,589.0,0.3206252789808889,0.2710576926343502,0.4083170283847609
590,590.0,0.3206246644182678,0.2710583319202803,0.408317003661452
591,591.0,0.3206241252436267,0.2710588969778354,0.4083169777785379
592,592.0,0.3206236593099142,0.2710593895792775,0.4083169511108082
593,593.0,0.3206232639523745,0.2710598120442036,0.4083169240034219
594,594.0,0.3206229360669657,0.271060167161616,0.4083168967714183
595,595.0,0.3206226721853288,0.2710604581150919,0.4083168696995795
596,596.0,0.3201691038158037,0.270846634670734,0.4089842615134624
597,597.0,0.3193130689594536,0.2710112064449964,0.4096757245955502
598,598.0,0.3203178882412562,0.2728867342807474,0.4067953774779966
599,599.0,0.3213240814643129,0.2747437134430623,0.403932205092625
600,600.0,0.3244255400826682,0.2762589764521785,0.3993154834651535
