,Unnamed: 0,Generation,Intertwine_two,Add_vertex,Delete_vertex,Invert_path_vertices,Insert_inside_vertex,Delete_inside_vertex,Replace_inside_vertex,Donate_between_routes,Trim_one_terminal_cb,Grow_one_terminal_cb
0,0.0,0.0,0.09999999999999999,0.09999999999999999,0.09999999999999999,0.09999999999999999,0.09999999999999999,0.09999999999999999,0.09999999999999999,0.09999999999999999,0.09999999999999999,0.09999999999999999
1,1.0,0.10900000000000001,0.10191994400825367,0.0988408913716856,0.09747607630415436,0.10128263826255222,0.09988125224922265,0.10054291654480654,0.10099451532727174,0.09890749418349568,0.10025225368496415,0.09990201806359328
2,2.0,0.31601,0.10240951538252421,0.09715564990117946,0.09374653212353638,0.10238961249997927,0.10017520603150268,0.10099274698046212,0.10228784226710891,0.09930409621035942,0.10121090072081602,0.10032789788253144
3,3.0,0.6191589000000001,0.10307378242794847,0.09579615242609875,0.09141223379398966,0.1037980228492849,0.10056132691108263,0.10181594988206247,0.10298959789525271,0.0982558312378729,0.1005750207905623,0.10172208178584508
4,4.0,1.015801321,0.10370256515538193,0.09520130683430252,0.08775359473118388,0.10574273088319787,0.0999272378844038,0.10344851037639295,0.10392630081877019,0.09720526682833244,0.10070515674696105,0.10238732974107322
5,5.0,1.50262148669,0.105334136372775,0.0934763304597442,0.0853881394740684,0.10685918360422941,0.1003689569891951,0.10377605460154007,0.10430728876304528,0.09647538272461526,0.10098830418180298,0.10302622282898416
6,6.0,2.0757334209441005,0.10544370886790404,0.09384432713206123,0.08291487593389418,0.10779657108358551,0.10133157534524623,0.10346593882939517,0.10470196544958794,0.09553846233497254,0.10146972884337081,0.10349284617998221
7,7.0,2.7307768275633495,0.10621332844455486,0.09324706798077066,0.08117255330900582,0.10713091436549305,0.10119018235118929,0.104333710172617,0.10565077451180015,0.09605571832214459,0.10207402019631114,0.10293173034611333
8,8.0,3.4630081252450404,0.10705686378315832,0.09161111510908806,0.07855554015731006,0.10630571528183977,0.10038160334562742,0.1056087350812319,0.10769541496014004,0.09526874458629628,0.10374345274405508,0.10377281495125293
9,9.0,4.2673862119061114,0.10832329018681847,0.09078768080871023,0.07700109944311115,0.10596657479229209,0.09972451889966957,0.10641705905740817,0.10769693092526604,0.09654406430532192,0.10418585047307913,0.10335293110832311
10,10.0,5.138652627782014,0.10690398033121705,0.0898250557148431,0.07380167322148422,0.10657929042527556,0.09910726833018808,0.10917805048251927,0.10807846202291514,0.09734524896153973,0.10496757166663415,0.10421339884338356
11,11.0,6.071405875792507,0.10739692838811815,0.08908639859390377,0.07045663044630351,0.10738956551802166,0.0987234700536721,0.11057613333791452,0.1080578310989491,0.0958937568968466,0.1077910699422661,0.10462821572400434
12,12.0,7.060169740244025,0.10674041996792627,0.08853928553858859,0.0690303165324867,0.10746324308157246,0.0981030587224196,0.11295989342815456,0.10843282239528669,0.09551220380075791,0.10932459060802235,0.10389416592478473
13,13.0,8.099455520847952,0.1071982717035858,0.08769133025903858,0.06745188184064786,0.10792548577685333,0.09711775049373969,0.11292145732763766,0.10863835382053305,0.09522415675413347,0.11140109660469547,0.10443021541913494
14,14.0,9.183818168183006,0.10815803932604257,0.08703136995884429,0.06535008211352375,0.10704184274125374,0.09678672773811087,0.11364868808087251,0.1090232394896372,0.09513219200719521,0.11411609204277937,0.10371172650174035
15,15.0,10.307906369102724,0.10797585228041606,0.08689810610902196,0.06266886471493796,0.10641508350806886,0.09598987586926926,0.1150228486876804,0.10851563766254038,0.09581231629869986,0.11666427186225244,0.10403714300711266
16,16.0,11.466506686239443,0.10804051877626909,0.08587736711863886,0.06204709732147255,0.10671000774490919,0.09640708110960655,0.11562440065931993,0.10829925377715247,0.09470687738791221,0.11814637063799321,0.10414102546672574
17,17.0,12.654581904800096,0.1079851398871108,0.08448252477221517,0.06132443895549651,0.10701901550202617,0.09537673810329718,0.11742456643758117,0.10763057268454179,0.09475569414925185,0.1202080014157414,0.10379330809273779
18,18.0,13.867303782456686,0.10757132001153981,0.08333580888801992,0.06053491068725402,0.10610484249774435,0.09375331579502219,0.11880256689605721,0.10730649346918275,0.09564718646822307,0.1225996407713591,0.10434391451559738
19,19.0,15.100080434523047,0.10741817584212922,0.0828816217991577,0.05935864973569957,0.10449340851942536,0.09385980521454002,0.11967626412111879,0.1075873375682406,0.09586583071868637,0.12494674150255877,0.10391216497844337
20,20.0,16.348578617037543,0.1062776241932146,0.08191345727551437,0.05806425693068668,0.10388537320225034,0.09279868319651524,0.12095871879838227,0.10887325894118673,0.09686134507757548,0.12613522549142167,0.10423205689325236
21,21.0,17.608741195130214,0.10564134755630544,0.08230346814916432,0.05692294527110498,0.10300937618742775,0.09326762121912054,0.12127322701413568,0.10863178211491296,0.09714916459291528,0.12724299305077033,0.10455807484414245
22,22.0,18.876800103462312,0.10527743725045433,0.08203926583000909,0.05640072203134518,0.10232629155414705,0.09331756690463733,0.1203616565975009,0.1103284527959334,0.09611418839548361,0.12911834619812787,0.10471607244236103
23,23.0,20.14928511992658,0.10456127411647728,0.08224300842634152,0.05746365270933522,0.10127490370584968,0.09203459794525995,0.12263154084302548,0.11018457042596469,0.09531216910579471,0.130030801245942,0.10426348147600922
24,24.0,21.423028783545156,0.10352259807795983,0.08250710558428045,0.0577051785078111,0.10012954481981123,0.0901436455277054,0.12510304979413983,0.11149433115564422,0.09530510896669853,0.1300681562395273,0.10402128132642191
25,25.0,22.695167792966423,0.1025171425841894,0.08189201055285794,0.057310625162177026,0.099783886196872,0.08919731717421431,0.12680015049255444,0.11101139080231744,0.09656965571310211,0.13133277973950294,0.10358504158221224
26,26.0,23.963141223515898,0.10192561496120445,0.08199543616906348,0.05871966038667918,0.09794298464966822,0.08881958969955968,0.12707977772161905,0.1110268047206737,0.09681450876879462,0.13087727439723784,0.10479834852549963
27,27.0,25.224685898775267,0.10138628048636524,0.08304876296214665,0.058590009223290836,0.09768951059133149,0.08834433925572835,0.1255670962905195,0.11082149758875026,0.0973624559408506,0.13217341051673231,0.10501663714428462
28,28.0,26.477829247520948,0.10161655539003467,0.08337651672553979,0.058714475522876994,0.0965320208254536,0.08838578012533696,0.12621594441251352,0.10999944278281146,0.09675243205908722,0.13257217689006465,0.10583465526628101
29,29.0,27.720879968916847,0.10051888414135657,0.0835873344161597,0.05759603322968898,0.09633774037367154,0.08818954002527457,0.12705966481208605,0.11041460407080497,0.09582781895268037,0.134174955557583,0.1062934244206941
30,30.0,28.95241681848399,0.09979387011738317,0.08360266639737036,0.05766263485338309,0.09618380742325461,0.08700017130090237,0.12768327740594254,0.1100987094036947,0.0951688073149218,0.13507999829847944,0.10772605748466774
31,31.0,30.17127581490958,0.10042399438416821,0.08343985337960919,0.05821307766185101,0.09606554471322047,0.08651128726894781,0.1265680520130861,0.10983241363623156,0.09557812870001148,0.13585965479977036,0.10750799344310365
32,32.0,31.376536153543515,0.10080943101012568,0.08473349545768927,0.05874642079106214,0.09517156052312899,0.0858292423857067,0.1263910843251351,0.10815794823174212,0.09598149057667539,0.1361526949652012,0.10802663173353326
33,33.0,32.567505096778625,0.10167821081496582,0.08474761960469526,0.058510154223025565,0.09512962771758375,0.08586575999452721,0.12788767192605568,0.10742532380261259,0.095563299479902,0.13638547773063614,0.10680685470599582
34,34.0,33.74370209472243,0.10320248868404201,0.08428041700617148,0.060027574377389294,0.09438329769207848,0.08443818754684546,0.12725405559926606,0.10859644695394768,0.09496523649058503,0.13652421077116045,0.10632808487851392
35,35.0,34.90484237192463,0.10300326572257944,0.08522153404908572,0.060628311176876684,0.09394978001226251,0.08406782418618303,0.12698451806728156,0.1080772252969493,0.09500601299007502,0.13720577809298637,0.10585575040572025
36,36.0,36.05082019768737,0.10304038515179983,0.08495428035833326,0.0619954172814779,0.0944971083735735,0.08370998626782118,0.12700973495636628,0.10862684320393197,0.09476480762684615,0.13568553014400045,0.10571590663584937
37,37.0,37.18169203889697,0.10237835818616288,0.08453757059518141,0.06186944832661093,0.09442858769881225,0.0839675730960697,0.12902618241388703,0.10802026551853912,0.09492851347875435,0.13566455498212615,0.1051789457038561
38,38.0,38.29765977559663,0.10240305130263001,0.08507973658367612,0.061927596231413286,0.09446529753240557,0.08294878612269194,0.12973673874147035,0.10753449261649106,0.09555547007653338,0.13586896053153705,0.10447987026115114
39,39.0,39.399054140870355,0.10322529962591456,0.08537583223188265,0.06322461322437922,0.0936830515332965,0.08364969267509441,0.13036996622317773,0.10649516718609763,0.0953743059875205,0.13555738516167065,0.10304468615096601
40,40.0,40.48631852820801,0.10304409915521816,0.08361431462469561,0.06407203464867181,0.09423137654360311,0.08385818873443508,0.13010623030926338,0.10485567565915488,0.09619292819448647,0.13739790379196917,0.10262724833850216
41,41.0,41.55999329152982,0.10174327490028806,0.08508044027288149,0.06553178983700533,0.09289598055428328,0.08325247873125546,0.13003657765326332,0.1038701040975135,0.09586469166314059,0.13861674618498732,0.10310791610538143
42,42.0,42.62070064560415,0.10164857551898292,0.08438699969604299,0.0656465013595934,0.09357434674864461,0.0837667530319423,0.13057804637492162,0.10221174339674743,0.09629199143392263,0.13848657179908205,0.10340847064011983
43,43.0,43.669130257815,0.10125498692085481,0.08451996056332324,0.06534663802484633,0.09426451415177053,0.08332476098222806,0.13137008892679605,0.10078718628380944,0.09688678392832012,0.13859519183419186,0.10364988838385936
44,44.0,44.70602560622662,0.10133414898193446,0.08478523455053748,0.06582240307724813,0.09344547268792544,0.08252050810286075,0.1323887808515475,0.09998937757439183,0.09625960708525874,0.13951899857149008,0.1039354685168054
45,45.0,45.73217116373481,0.1009795943809304,0.0855378367740895,0.065643772804412,0.09401192472524612,0.08310838732670674,0.1322770809582665,0.09971259923553594,0.09565047523918489,0.13990047895903407,0.10317784959659362
46,46.0,46.748380453854836,0.10132969042601268,0.08429103671163164,0.06573251496243093,0.09392421464393257,0.08213793591372984,0.13321408162005585,0.10029673802949321,0.09562017960782898,0.13943489417942356,0.10401871390546052
47,47.0,47.755485010424316,0.1023867595164936,0.08366448343322973,0.06553256017033925,0.09234996985477573,0.08148023149694718,0.1344184481852397,0.1010541901668367,0.09555525649212947,0.1383704314436256,0.10518766924038285
48,48.0,48.7543242612326,0.1019483422096133,0.08437872261807752,0.06582346172305857,0.09216342781926838,0.08138011969815193,0.13422211362832268,0.10147766711325917,0.09518624059755265,0.13808045380973033,0.10533945078296525
49,49.0,49.745736344347726,0.1024837310068128,0.08480843633474136,0.0655487399524442,0.09335380029391072,0.0825074647670008,0.13269644494875685,0.10101695147182245,0.0941056500210557,0.13829827586683596,0.10518050533661892
50,50.0,50.730549855707864,0.10127005505081364,0.0857476190857282,0.06526024824305247,0.09442504396322163,0.08286262348788499,0.132516643126731,0.10115156288465374,0.0932415265179806,0.13797916371095437,0.10554551392897912
51,51.0,51.70957651737491,0.10002155372686372,0.08582654126004255,0.0654630922166332,0.09372271514452937,0.08396995165305583,0.13406621535496635,0.10115811508468747,0.09297632255457186,0.1361648832480515,0.10663060975659792
52,52.0,52.68360474770151,0.1002802388469366,0.08569732723621665,0.06618133621684717,0.09424048971227704,0.08357786344014254,0.13461725710396905,0.10175657992219536,0.09122808369891283,0.13569660690594454,0.10672421691655803
53,53.0,53.65339410751842,0.10003803864138779,0.08577555831062826,0.06647420047186745,0.09327222957785397,0.08491836892512063,0.13466874163332304,0.10102434331016065,0.09044714971026495,0.1351868276299445,0.10819454178944861
54,54.0,54.61967059027847,0.10035994361918185,0.08606871178735073,0.0672123497238608,0.09397504138599284,0.0850837386876948,0.1330795588886262,0.10186114880995932,0.08982725725144941,0.13559401159330908,0.10693823825257481
55,55.0,55.58312271885972,0.09976062153365434,0.08610281891176948,0.06751320390779124,0.09336804720196366,0.08676412401356089,0.13231371064914593,0.1017911455212984,0.08948332072695807,0.13546056723512093,0.10744244029873692
56,56.0,56.544398407394254,0.09928921737114438,0.08629030303111249,0.06786300078481093,0.0932671805412879,0.08739133433415357,0.13292986858852443,0.10191138117726405,0.0878330139720061,0.13621920675585797,0.10700549344383806
57,57.0,57.504102543001395,0.09899137970486893,0.08634689053543526,0.06786402007992594,0.09371978775449379,0.0876621183170041,0.132495484958886,0.10136802387743563,0.08835842451249279,0.13693361387332212,0.1062602563861353
58,58.0,58.462795239617805,0.09856624088145337,0.08570293087902932,0.0685651252394989,0.09398490130607796,0.08769871364468798,0.13188712672394673,0.10370364136891766,0.0870791225751255,0.13657878971999093,0.10623340766127151
59,59.0,59.42099071417639,0.09854166334279009,0.08652073695860335,0.06924493743330601,0.09441034737995233,0.08885009950715225,0.1310626870413133,0.10363301246892241,0.08625086894405541,0.13547302975210004,0.10601261717180469
60,60.0,60.379156734137354,0.09699990993499943,0.0870606349076829,0.07069789332314574,0.093903202621144,0.08868770531525574,0.13068525127269784,0.10390666279409712,0.08552164417319409,0.13685339761368442,0.10568369804409851
61,61.0,61.337714584760846,0.09697999091117485,0.08698273123146472,0.07196264468628598,0.09332962277137002,0.08839501540052386,0.13034203029303648,0.10290752602800561,0.0856956739857918,0.13729188063482797,0.1061128840575185
62,62.0,62.29703950447439,0.09723681013110817,0.08686498676725914,0.07172264595070078,0.09227597884605179,0.08805304341996306,0.12914686787035023,0.10320733650682719,0.08636844670154065,0.13755357972099164,0.10757030408520711
63,63.0,63.257461537171835,0.09803673393235704,0.08695137955441241,0.0718918607888807,0.09277374125914578,0.08745122821077438,0.1299662146569469,0.10324424842949438,0.08558066406682892,0.13737329561963113,0.1067306334815281
64,64.0,64.21926675122782,0.09837360507739817,0.08653809688638345,0.07064047101506421,0.09344569140648225,0.08791509804394962,0.13038048400135951,0.10291749947075475,0.0859065815899003,0.1369653943012154,0.10691707820749213
65,65.0,65.18269877636592,0.09740122916161982,0.08767549160643788,0.07083369603607051,0.09484409175926409,0.08614225199219565,0.12952012692709883,0.10350445779642567,0.0863451600250435,0.1370701366956992,0.10666335800014463
66,66.0,66.14796061122655,0.09767243775827941,0.08753379245873047,0.07103623224053118,0.09478903723304558,0.08561302242960561,0.12935776695538947,0.10370703664195495,0.0867125313465633,0.13713876011267076,0.10643938282322908
67,67.0,67.11521665648885,0.09745428267289033,0.08811516388253815,0.07031415397659886,0.09477979390553003,0.08533428994772176,0.12804804168562817,0.10421867439087852,0.08784371114744259,0.13729938525515495,0.10659250313561643
68,68.0,68.08459493066005,0.09745893497603011,0.08875202442882328,0.0700145113229679,0.09559940688414743,0.08428082023755878,0.12838296083350897,0.1039196672081409,0.08816509346551331,0.13829831489804364,0.10512826574526543
69,69.0,69.05618942810752,0.09794630920153459,0.08813158043201125,0.06872051177193407,0.09632830174286554,0.08395175707531312,0.1279604367854911,0.10371789136967356,0.0895171321541674,0.1392689261739007,0.10445715329310845
70,70.0,70.03006258152917,0.09762014774603475,0.08800555918809651,0.06835425104646731,0.0961285897136368,0.0853657955560378,0.12820202113787071,0.10336381181071655,0.09042020431616093,0.1390082400962655,0.10353137938871293
71,71.0,71.00624779379335,0.09657852906496012,0.0884906235783362,0.0666097156056897,0.09564606751126106,0.08521030739853337,0.12778322280766377,0.10405627886370063,0.09149681578631803,0.14047463556430553,0.10365380381923141
72,72.0,71.98475200689319,0.09654105497772887,0.08913566200373263,0.06569776753987419,0.09701091490505626,0.08407542323942614,0.1272612715350003,0.1045204067226371,0.09281287779529925,0.14019575335255993,0.10274886792868516
73,73.0,72.96555827861411,0.09628949267177249,0.08869487509727417,0.0653037196469421,0.09701038838083259,0.08314816210497467,0.12801338349062108,0.10558545932021425,0.09400014374839355,0.13994493976582223,0.10200943577315268
74,74.0,73.94862834037681,0.09680814528078646,0.08925851300610016,0.06474138437750251,0.09590059851623323,0.08179190000898565,0.12920640990878715,0.10465831191432809,0.09475554015755985,0.1393857343993815,0.10349346243033519
75,75.0,74.93390511255946,0.09708812071729886,0.08817956006275238,0.06451552383379006,0.09733831822877534,0.0813048385786837,0.12923170525385763,0.10582167040314522,0.09500919151902792,0.138811185931841,0.10269988547082773
76,76.0,75.92131515639825,0.09823838019363972,0.08883104128581717,0.06421998887523263,0.0968084062339711,0.0819322303671299,0.13015311200343227,0.10537164603252457,0.09409808742669093,0.1379182097459272,0.10242889783563432
77,77.0,76.91077104428919,0.09888657667125823,0.08974303356854689,0.06423269753411998,0.09529654978281236,0.0814171304711645,0.13032858513798024,0.10639083419728129,0.09361283368191188,0.13795589156392501,0.1021358673909994
78,78.0,77.90217363294813,0.09880777044310098,0.08991506068172922,0.06298474234728385,0.09455403110028926,0.08190020947981412,0.13065586568782556,0.10590661421595354,0.09388922256617091,0.13913052811848042,0.10225595535935195
79,79.0,78.89541422641172,0.09896119973753922,0.0898783593033065,0.06438634726616796,0.09567329328472077,0.08133485299502495,0.12999825180403274,0.1053397894872279,0.09296462682608576,0.13813272838611898,0.10333055090977501
80,80.0,79.89037661826481,0.09753513378519402,0.09026054778774469,0.0629871701730546,0.09638437085391274,0.08151228391139016,0.13062588827275157,0.10584317293987129,0.09261810346161581,0.13830638853276478,0.10392694028170017
81,81.0,80.88693900474995,0.09774983048434975,0.09044603414017152,0.06271490380553567,0.09711182811618838,0.0810178256738771,0.13081310872959884,0.10565290803356453,0.09315620493097773,0.13720241956974077,0.10413493651599554
82,82.0,81.88497576253909,0.09748319771798097,0.09182818570759071,0.06242938969627619,0.0973706813141867,0.08042650334020636,0.13157514090919242,0.10384077552649681,0.09208966317310668,0.13796346871677048,0.10499299389819249
83,83.0,82.88435908692391,0.09724989861377148,0.0925079939080088,0.06223634863700944,0.09857263343142805,0.07968526090093035,0.13170085881491772,0.10371324051648952,0.09258111182252553,0.136915575924134,0.10483707743078494
84,84.0,83.88496048800103,0.09671534831682607,0.09215599383681565,0.061823795387783924,0.09862117546434446,0.08040120301316402,0.1333422346396773,0.10261835102688169,0.09245161576027833,0.13728031941984997,0.10458996313437845
85,85.0,84.88665214409042,0.09496712928301015,0.09181247523488198,0.060870961785786555,0.10043318614845452,0.08081158294318883,0.13490055824985,0.10350991099740806,0.09232230114800923,0.1363064357169163,0.10406545849249418
86,86.0,85.88930811312994,0.09564100674139761,0.09268449185980811,0.06133198654043362,0.10155079388578217,0.08078562729799338,0.13492915488800153,0.10401846384779723,0.09144571644562426,0.13473133996570894,0.10288141852745294
87,87.0,86.89280540413424,0.09571791832983251,0.09289066892239792,0.062289280973408565,0.10017681935005454,0.07995030677366338,0.1360224232716208,0.1032459366891222,0.09209584087507597,0.13504680241592842,0.10256400239889543
88,88.0,87.89702491199675,0.0965484325480433,0.09338937164434571,0.06261715498467658,0.10029119213310397,0.07976071288443218,0.13649580565448982,0.10311393826307155,0.09145200012803696,0.133890222513936,0.10244116924586362
89,89.0,88.90185221995306,0.09753956617576211,0.09266159243963525,0.062490426477719636,0.10048892273999653,0.07923631103412164,0.13645966839494622,0.10349514420966606,0.09170789841429447,0.1345956262206784,0.10132484389317936
90,90.0,89.90717827491419,0.09781498649821099,0.0914871825968115,0.06233905064160944,0.10114950291693146,0.07861607440749824,0.13721723452142892,0.10306286104927982,0.09259431425350259,0.13502977567757138,0.1006890174371553
91,91.0,90.91289994163006,0.09614013646156612,0.0920285712726988,0.061898720238513755,0.10171761618267727,0.07932223823623773,0.13761210608735594,0.10266523709098223,0.0929981251552843,0.1339305886794751,0.10168666059520841
92,92.0,91.91892044225806,0.09593743844081216,0.09251460752713604,0.06297537179386087,0.10112107992134906,0.0795442861933547,0.13801629082325462,0.10199759170646802,0.09377594078276887,0.13320284685175782,0.10091454595923748
93,93.0,92.92514968840067,0.09582313933807743,0.09211557870630266,0.0626117670714667,0.10046254716646891,0.0794456482150543,0.1373308631961666,0.10175922703479158,0.09369908337661936,0.13439543620480138,0.10235670969025068
94,94.0,93.93150451304501,0.09486071373409759,0.09240664268097955,0.06357103920713726,0.10046102460404624,0.07839694973589388,0.13764486993300165,0.10251335288928803,0.0936888998777714,0.1345121632191076,0.10194434411867641
95,95.0,94.93790881009448,0.09488175722836949,0.09190842700933868,0.06322513711360163,0.10207536326409533,0.0781131179314346,0.1372721537256255,0.10310268731571444,0.09216545158860232,0.13467428542995075,0.10258161939326683
96,96.0,95.94429358933806,0.09418996780551227,0.09184945832533822,0.06257820353965421,0.10087851370831466,0.07860526861890035,0.13645972011933094,0.10354340127212307,0.09240742578111819,0.13649003382689395,0.1029980070028137
97,97.0,96.9505969547639,0.09371729451179528,0.09185476163494821,0.06394301211888895,0.09949534500196353,0.07879472711373162,0.13606204380051776,0.10393502556328844,0.09329548337695794,0.1362255511192717,0.10267675575863609
98,98.0,97.9567640140995,0.0936412869780594,0.09097785330808639,0.06356019318699883,0.09982403012655908,0.0785418233636456,0.13659321933989385,0.10460343671218258,0.09409557678416283,0.13584096607811386,0.10232161412229711
99,99.0,98.96274672736057,0.09390207063767056,0.09108030717303818,0.06327542024854721,0.1000462710345556,0.07839377104579992,0.13657722409737064,0.10580613782796339,0.09340218326985633,0.13414977108141904,0.10336684358377868
100,100.0,99.96850370202192,0.09374578407261475,0.09174037133170784,0.06330922618525801,0.09987736193600735,0.07776979594706704,0.1375034030191906,0.10592058298350283,0.09227866471631677,0.13401387796877615,0.10384093183955824
101,101.0,100.97399994219691,0.09265091287877845,0.09050338400725833,0.0646287193813534,0.1001827337578367,0.07791840540072056,0.13909193678492426,0.10518251625745695,0.09310927966089795,0.13349291216763004,0.10323919970314295
102,102.0,101.97920655893245,0.09285509478404139,0.09045852930968586,0.06532308308495051,0.1002224509016485,0.07992953438602537,0.13782196539023175,0.10355925033178351,0.09353412996879051,0.13220074568364806,0.10409521615919409
103,103.0,102.98410044840509,0.09310513464040662,0.09155639906175506,0.0637306304859468,0.09983804233131485,0.08047761733861446,0.1367501435829991,0.10576536895641322,0.09251109454808601,0.13214205926847952,0.10412350978598396
104,104.0,103.98866394444643,0.09303764540125425,0.08993566045407908,0.06529455049738005,0.09956542479818871,0.08090186984892367,0.13728988833866188,0.1049706342769877,0.091944988786874,0.13115476666579465,0.10590457093185564
105,105.0,104.99288445143917,0.0919167235106845,0.0907020836532857,0.06547866489645222,0.09940762883920051,0.08158584966060373,0.13720622461921755,0.10422809971498259,0.09268296831013771,0.13086935759114218,0.10592239920429292
106,106.0,105.99675406321822,0.0936682850605999,0.08976014848926284,0.06607648903825847,0.0989066651007091,0.08244539732763936,0.13533756510756403,0.10254808336909273,0.09319774120180944,0.13217847256259763,0.10588115274246614
107,107.0,107.0002691731872,0.09306748492623924,0.08880030205358586,0.06550607256941933,0.1010125975157461,0.08512205046136523,0.13501462970722833,0.10213116847484097,0.09181448596412721,0.13325636091997095,0.10427484740747647
108,108.0,108.0034300804274,0.09399333935657711,0.0890714853944784,0.06668553487935439,0.10074809994392805,0.08486651434969938,0.13446400296037508,0.10209180636710491,0.09190661283894778,0.1319652544838618,0.10420734942567283
109,109.0,109.00624059613932,0.09433892686560427,0.08921674706451409,0.06646526910331757,0.09961471421939148,0.08500232155437525,0.13365951193263348,0.10359213473793767,0.09156366665472614,0.1323946370436984,0.10415207082380143
110,110.0,110.00870765431864,0.09491695050262931,0.08979717386060515,0.06650842604651537,0.09924225312805561,0.08553406862428059,0.13493098040769624,0.10347927953835882,0.08984607033508532,0.1333548183673151,0.10238997918945825
111,111.0,111.01084093013685,0.09640540705557579,0.09122366887041039,0.06763707613793,0.09789827453883837,0.08715484532687484,0.13369225898132153,0.1027756045439604,0.08975721171412984,0.1323719394141407,0.10108371341681795
112,112.0,112.01265246907188,0.09674314772111486,0.09098045231151113,0.06765669985866671,0.09995368258228543,0.087441952496883,0.1336920617219929,0.1031115109228998,0.08967906657956369,0.13052216527012497,0.10021926053495732
113,113.0,113.01415632942268,0.09759334880352222,0.09187625679997491,0.06668919232735117,0.09983076358337235,0.08735274282748262,0.13408972172644465,0.10344197649732244,0.08981665983842166,0.13048029678321998,0.09882904081288785
114,114.0,114.01536824044418,0.09771683577009359,0.0918286015108352,0.0664388868820291,0.09954904613759778,0.08687840936424093,0.1345033336508843,0.10498313008608368,0.08994730979944177,0.13160878067231774,0.09654566612647575
115,115.0,115.01630527795908,0.09693672472820694,0.09245781924012529,0.06683564598993197,0.09827838081126083,0.08598735379318263,0.13570780102618102,0.10431647143642592,0.09018250380088745,0.13145121737021243,0.09784608180358534
116,116.0,116.0169855589429,0.09672416761632843,0.0918825148154082,0.06704939605886023,0.09738180219054349,0.0858115857281337,0.13605116572038892,0.1045820695573327,0.08947159563709228,0.13328843331716234,0.09775726935874958
117,117.0,117.01742795623892,0.09641172236480677,0.0910665463675103,0.06670630171564851,0.0982609520248481,0.08559798833328723,0.1360768290115486,0.10421785071693099,0.09017443388391122,0.1344481276960627,0.09703924788544542
118,118.0,118.01765183424293,0.09622872120829623,0.09050639617653065,0.06619621811107086,0.09747316746957273,0.08538422935098565,0.13552612174599704,0.10544436655911982,0.09043077183454645,0.13554899843527418,0.09726100910860622
119,119.0,119.01767680610413,0.0953466031543663,0.09109455849397412,0.06614638365251983,0.09563774955318691,0.08576313358753261,0.13530890454898706,0.10616629148000925,0.09108795125173222,0.13530409852437839,0.09814432575331315
120,120.0,120.01752251271817,0.09550847282380621,0.0903158084958742,0.06665377291952684,0.09761542848215687,0.08500641170524484,0.13491833415063764,0.10584694227504424,0.09059723556834838,0.1342534314729652,0.09928416210639537
121,121.0,121.01720842354362,0.09584532113480335,0.08977820710322704,0.06651303927574552,0.09856617922247661,0.08584741122698153,0.1341790001681916,0.10518520014179604,0.09109517462177491,0.1335279428929235,0.09946252421207973
122,122.0,122.01675365905109,0.09661107994955724,0.09087696329830361,0.06622123036363123,0.09909149880000791,0.08560722696444753,0.1348939334377858,0.10453888829326337,0.08966987895685821,0.1329465385210957,0.09954276141504925
123,123.0,123.0161768344173,0.09661222973772865,0.08948816365132724,0.06535369824459787,0.10011976535720507,0.08433031877170377,0.13563831815167687,0.1047208869465642,0.08970743119932223,0.13348464753533493,0.100544540404539
124,124.0,124.01549592390272,0.09623847240038481,0.08998727673274236,0.06475246277167776,0.09944772245972094,0.08480007525777136,0.13507983138485774,0.10461656461806298,0.08972451255557234,0.1351233962592692,0.10022968555994036
125,125.0,125.01472814520056,0.0951132156520996,0.09016943880609234,0.06535350355796896,0.0997353053820913,0.08361564243712284,0.13582646649036778,0.10371221634777358,0.08949112590681639,0.13571405022792588,0.10126903519174121
126,126.0,126.01388986291661,0.09323872795004562,0.09028720906916649,0.06538324464102217,0.10138948939957457,0.08282306687740948,0.13586545959102211,0.1030486006246857,0.09010139143738388,0.13651895448188578,0.1013438559278041
127,127.0,127.0129965102319,0.09227897355279374,0.0894100307562199,0.06502597688327352,0.10166346361691952,0.0814680993066137,0.13626385898059856,0.10384512807820621,0.08966020917418559,0.13798902618623915,0.10239523346494993
128,128.0,128.01206252771334,0.09184859671327114,0.09076803383505354,0.06367155064345778,0.10018641933180064,0.08181881397138613,0.13610605187350286,0.1050368306085759,0.08926368165155808,0.13757177260360828,0.10372824876778546
129,129.0,129.0111013181695,0.09225768760882662,0.09037863850854867,0.06304278565712872,0.10052314286167362,0.08152907733360974,0.13585016211958484,0.10408658560994952,0.09072310770909206,0.13772667827800777,0.10388213431357818
130,130.0,130.01012521639834,0.09391187863045301,0.08985936707957148,0.06388453232833026,0.09878882078605301,0.0826956347395777,0.13419447803008228,0.10424116467485176,0.09086613715558271,0.1386981366477848,0.10285984992771269
131,131.0,131.0091454726403,0.09365069923295974,0.08990017350476373,0.06569072305271811,0.0987639401349039,0.08245038048781211,0.13340524697929632,0.10369407755756564,0.09100593842363787,0.13838132311132811,0.10305749751501414
132,132.0,132.0081722485317,0.09311462607255366,0.0894559794227524,0.06563820973812338,0.09892011645687417,0.08183552038466177,0.1340263658536001,0.10420141650574595,0.0892511603065489,0.13988002649330925,0.10367657876583011
133,133.0,133.00721462434865,0.0943444257793696,0.09005732318611435,0.06648820670014578,0.09663905418815438,0.08058302806966608,0.13409404119846563,0.10392609432739555,0.0887887757959997,0.1406684347559151,0.10441061599877348
134,134.0,134.0062806163404,0.09441954245524074,0.09000217931061592,0.06670261981370687,0.0967774129612738,0.08009678651692892,0.133938539616985,0.10310428054098617,0.08974766634659453,0.14049798911178638,0.10471298332588136
135,135.0,135.00537720296956,0.09493305488081903,0.09191703666538331,0.06643639936429603,0.09566721439388863,0.08203546849683435,0.13420611580854386,0.10222066637685084,0.0887315903266291,0.1389250153028728,0.10492743838388173
136,136.0,136.00451035890612,0.09617805490513724,0.0909687206213828,0.0668053125423451,0.0952502866381446,0.0811633523526274,0.135184567112907,0.10230300240733099,0.0871375167707055,0.13985526828317427,0.10515391836624483
137,137.0,137.00368509565993,0.0973937826998201,0.09065224980081753,0.06754035163147812,0.09568237198949824,0.07985105261552419,0.13520512004976962,0.10278785688336232,0.08611326154618934,0.13955658640780222,0.105217366375738
138,138.0,138.0029055077818,0.09655975764700644,0.09109496495875732,0.06893158630060585,0.0950520057275093,0.07956000093123326,0.13445186852221444,0.1021128557733865,0.08653927380867238,0.13882612755838755,0.10687155877222664
139,139.0,139.00217482361367,0.09655227000291579,0.09164886380945739,0.06944502213004528,0.0938689591991577,0.07986093759774397,0.13476124227160957,0.10192527968122093,0.08635613187074477,0.1379107542578952,0.10767053917920909
140,140.0,140.0014954596262,0.09668645837759768,0.09141831028014985,0.06944083965133528,0.09351837473141458,0.0814327734348386,0.1333715716412181,0.10137096338799313,0.08543864575188609,0.13965399442243936,0.10766806832112706
141,141.0,141.00086907744122,0.09619992023005655,0.09057295057669186,0.06796601446598026,0.09500303582702696,0.08076358041314334,0.13431370170332568,0.10164556897893227,0.08607442021754357,0.14054706301515768,0.10691374457214153
142,142.0,142.0002966427003,0.09945661484026466,0.09128707112389786,0.06667248211379567,0.09487880184984741,0.08086453120469544,0.13406554346710545,0.09979860049706726,0.08642807686857035,0.1397721951022967,0.10677608293245888
143,143.0,142.99977848500652,0.10000248792841278,0.09177893706658644,0.06703585963744087,0.09328993231865869,0.08259470650827912,0.13337989691019175,0.09956206451001978,0.0859620540193675,0.13907862218843886,0.10731543891260388
144,144.0,143.99931435823203,0.10011828091966576,0.09209545735393056,0.06672872651713309,0.09297881610797187,0.08111572670195157,0.13370568258685864,0.10005960869876819,0.08694721653324311,0.1389910273230285,0.10725945725744843
145,145.0,144.99890350055264,0.09965750556278614,0.09160934483376021,0.06602448822061986,0.09192339870887094,0.07943883306065726,0.13488254701400876,0.09968064023043112,0.08928362366130202,0.13945635237422468,0.10804326633333877
146,146.0,145.9985446936357,0.10025748442187171,0.09266903027677506,0.06585848058489849,0.09212393190387962,0.079556239616581,0.13426564550701886,0.09955847016252206,0.08823449410327813,0.13979775300143263,0.10767847042174228
147,147.0,146.99823632047406,0.09992802045099983,0.09183005568568804,0.06638990533344652,0.09257271961541712,0.07922022936907956,0.13510525208979374,0.0986120157587687,0.08934051205201972,0.13904209564043002,0.10795919400435657
148,148.0,147.99797642142389,0.09920660332551655,0.09346380193820097,0.06769602840785194,0.09064676361110845,0.07925020250351254,0.135827801504201,0.0979787446226366,0.08877810166660086,0.1390732246810129,0.10807872773935799
149,149.0,148.99776274806447,0.09919914642559677,0.09124873183092967,0.06812946667825684,0.09069560857515965,0.07959767371609236,0.13601850991492653,0.09994486669605342,0.08807586131408841,0.13959881267439905,0.10749132217449714
150,150.0,149.99759281456036,0.09867720942010942,0.09188058264629351,0.06799178308572242,0.09025998889029728,0.07840340679439523,0.13787196778441485,0.09974842469783844,0.08741433663594034,0.14036543391903542,0.10738686612595298
151,151.0,150.99746394626104,0.09948325351948017,0.0928859433409969,0.06907371183367672,0.09054837231688824,0.07922969914025664,0.13786748932658746,0.09853164992278503,0.08696236912392788,0.14030392269781858,0.1051135887775822
152,152.0,151.99737332532905,0.0989977344283309,0.09457914998754888,0.06846973881348117,0.09070415282958971,0.07796060054696025,0.13840423218267225,0.09862635104052554,0.0870745398905723,0.14090649892151938,0.10427700135879941
153,153.0,152.99731803323698,0.09831069685791112,0.0958005302772981,0.06849131629441871,0.09068841202658058,0.07849604724900318,0.13735233688530077,0.10005330712777247,0.08621903449748322,0.1421500428548054,0.10243827592942623
154,154.0,153.99729509002177,0.09851104528532734,0.09531232482180366,0.06936787367057154,0.09035926054686523,0.07870206996577797,0.13560358391484764,0.09977392324797354,0.08641069119070881,0.1443287615588388,0.1016304657972852
155,155.0,154.99730149022784,0.09759950861212237,0.09653810438396994,0.06927820668059867,0.08912691207988466,0.07812439734984067,0.135254813668978,0.09977062962261692,0.08513634105307036,0.14634054224240983,0.10283054430650833
156,156.0,155.99733423551103,0.0968449575955806,0.0970679874959073,0.06892928288911682,0.08919105336939522,0.07838120208125543,0.13609520391810723,0.10116719160844137,0.08418574891047954,0.14583855579247723,0.10229881633923905
157,157.0,156.99739036391077,0.09622484619683266,0.0963030856483888,0.06928469231846852,0.08813957376248865,0.07707972213309888,0.13629575922015585,0.10148256718512302,0.08530219680323502,0.14917579458819025,0.10071176214401813
158,158.0,157.99746697583146,0.09679989221895129,0.09788210290799788,0.06971082150552875,0.08820816624127184,0.07563102188859167,0.13624566312099776,0.1013645738134537,0.08435754305042571,0.1489041352993106,0.10089607995347058
159,159.0,158.99756125680176,0.09769145662205465,0.09812204104759663,0.06968964878193029,0.0868171133324927,0.07545293074090798,0.13696111978303788,0.09998816135373972,0.08302154698565484,0.14980078657337914,0.10245519477920594
160,160.0,159.997670497107,0.0977390950088087,0.09792496812348718,0.06908799076081734,0.08862693170986846,0.07490660973633217,0.13795272084801216,0.09849290665885217,0.08164635503443587,0.14972497060556636,0.10389745151381934
161,161.0,160.99779210841066,0.09632546385698545,0.09780829977927931,0.06787916638404003,0.08854921211433994,0.07570489794937403,0.13944949301897086,0.09714056309263565,0.08235789126097406,0.15026111994457095,0.10452389259882944
162,162.0,161.99792363749984,0.0971433923446487,0.09642165213078525,0.06881795851496367,0.08693502249429727,0.07639099467087766,0.1400557146652347,0.09607840145927843,0.08260122342657744,0.15091976376910304,0.10463587652423358
163,163.0,162.9980627773051,0.09650827781961703,0.09563012690048352,0.06804200930074371,0.08824270381828463,0.07727506339214024,0.1402193308276062,0.09711343150495833,0.08192127764169858,0.15113120408923716,0.1039165747052303
164,164.0,163.9982073753568,0.09718073972177295,0.09472688127118241,0.0663480960189225,0.09009475315147322,0.07806204559633685,0.13910257108764668,0.09576969389179828,0.08171031892263571,0.1516203788123307,0.10538452152590042
165,165.0,164.99835543984977,0.09690932487850798,0.09310689969023173,0.06607020503833283,0.08999758562921242,0.07785424993862877,0.13973277515455446,0.09618631322154872,0.08178447482074593,0.15147098054984423,0.10688719107839262
166,166.0,165.99850514349492,0.09717649053555089,0.09300685853026364,0.06578129010258074,0.08974015193406346,0.0795201386810463,0.13921449526411497,0.09530774180893892,0.08161732626093093,0.15035129369938513,0.1082842131831247
167,167.0,166.99865482534062,0.0974319878898802,0.09308915877262308,0.06689048261412843,0.09194856963292494,0.0794255256134721,0.13760487194467058,0.09372787065084512,0.08158246905382893,0.15011884241999995,0.10818022140762631
168,168.0,167.99880299074837,0.09782618840354561,0.09426452609395446,0.06653358415431816,0.09195036866902424,0.07938479489828823,0.13716899628642285,0.09339805358008005,0.08174711194709239,0.14816704101946943,0.10955933494780429
169,169.0,168.99894830970783,0.09749324579301516,0.09394187259016884,0.06654059206686175,0.09185024117083529,0.07980431620474107,0.13838004534365106,0.0918186699893185,0.08151151292530612,0.14717384352068394,0.111485660395418
170,170.0,169.99908961367427,0.09745602422656975,0.09372302809581964,0.06660017084145874,0.09087679815317141,0.07979029051156998,0.13853283100732278,0.09083881658440889,0.08304415216838389,0.14747576194217946,0.11166212646911519
171,171.0,170.99922589110733,0.09924962100522633,0.09325300515741228,0.06768668437803332,0.09012915000263688,0.07980116255250598,0.1374186589815696,0.09211497399038363,0.08258775206329749,0.14654776744421724,0.11121122442471701
172,172.0,171.99935628188598,0.09819278380469759,0.09214828622951696,0.0687688101947464,0.09258432757762039,0.07850179232215493,0.13817328140510834,0.09247009959253545,0.0812631675063389,0.14642486701813393,0.11147258434914689
173,173.0,172.99948007076793,0.09651506978385889,0.0924798674009665,0.06998910231916668,0.09253452431401481,0.0775672085544712,0.13828020879431288,0.09458968074399246,0.0820570104065753,0.14552302453389698,0.11046430314874402
174,174.0,173.99959668005403,0.09492239528507154,0.09261670605282743,0.07157129991430149,0.09320931392712711,0.07590864925899375,0.13823287070250684,0.09528675251111626,0.08383276040124349,0.1441743443875844,0.11024490755922742
175,175.0,174.99970566161096,0.09455917036671432,0.09183234864375873,0.07225265237203099,0.09199052701237533,0.0751913635247608,0.13872447021201595,0.09619362263214135,0.08530348388477843,0.14428220890663737,0.10967015244478646
