,Unnamed: 0,Total_iterations,Intertwine_two,Add_vertex,Delete_vertex,Invert_path_vertices,Insert_inside_vertex,Delete_inside_vertex
0,0.0,0.0,0.16666666666666669,0.16666666666666669,0.16666666666666669,0.16666666666666669,0.16666666666666669,0.16666666666666669
1,1.0,1.0,0.16666666666666669,0.16666666666666669,0.16666666666666669,0.16666666666666669,0.16666666666666669,0.16666666666666669
2,2.0,2.0,0.16666666666666669,0.16666666666666669,0.16666666666666669,0.16666666666666669,0.16666666666666669,0.16666666666666669
3,3.0,3.0,0.16666666666666669,0.16666666666666669,0.16666666666666669,0.16666666666666669,0.16666666666666669,0.16666666666666669
4,4.0,4.0,0.16666666666666669,0.16666666666666669,0.16666666666666669,0.16666666666666669,0.16666666666666669,0.16666666666666669
5,5.0,5.0,0.16666666666666669,0.16666666666666669,0.16666666666666669,0.16666666666666669,0.16666666666666669,0.16666666666666669
6,6.0,6.0,0.16666666666666669,0.16666666666666669,0.16666666666666669,0.16666666666666669,0.16666666666666669,0.16666666666666669
7,7.0,7.0,0.16666666666666669,0.16666666666666669,0.16666666666666669,0.16666666666666669,0.16666666666666669,0.16666666666666669
8,8.0,8.0,0.16666666666666669,0.16666666666666669,0.16666666666666669,0.16666666666666669,0.16666666666666669,0.16666666666666669
9,9.0,9.0,0.16666666666666669,0.16666666666666669,0.16666666666666669,0.16666666666666669,0.16666666666666669,0.16666666666666669
10,10.0,10.0,0.16666666666666669,0.16666666666666669,0.16666666666666669,0.16666666666666669,0.16666666666666669,0.16666666666666669
11,11.0,11.0,0.16666666666666669,0.16666666666666669,0.16666666666666669,0.16666666666666669,0.16666666666666669,0.16666666666666669
12,12.0,12.0,0.16666666666666669,0.16666666666666669,0.16666666666666669,0.16666666666666669,0.16666666666666669,0.16666666666666669
13,13.0,13.0,0.16666666666666669,0.16666666666666669,0.16666666666666669,0.16666666666666669,0.16666666666666669,0.16666666666666669
14,14.0,14.0,0.16666666666666669,0.16666666666666669,0.16666666666666669,0.16666666666666669,0.16666666666666669,0.16666666666666669
15,15.0,15.0,0.16666666666666669,0.16666666666666669,0.16666666666666669,0.16666666666666669,0.16666666666666669,0.16666666666666669
16,16.0,16.0,0.16666666666666669,0.16666666666666669,0.16666666666666669,0.16666666666666669,0.16666666666666669,0.16666666666666669
17,17.0,17.0,0.16666666666666669,0.16666666666666669,0.16666666666666669,0.16666666666666669,0.16666666666666669,0.16666666666666669
18,18.0,18.0,0.16666666666666669,0.16666666666666669,0.16666666666666669,0.16666666666666669,0.16666666666666669,0.16666666666666669
19,19.0,19.0,0.16666666666666669,0.16666666666666669,0.16666666666666669,0.16666666666666669,0.16666666666666669,0.16666666666666669
20,20.0,20.0,0.16666666666666669,0.16666666666666669,0.16666666666666669,0.16666666666666669,0.16666666666666669,0.16666666666666669
21,21.0,21.0,0.16666666666666669,0.16666666666666669,0.16666666666666669,0.16666666666666669,0.16666666666666669,0.16666666666666669
22,22.0,22.0,0.16666666666666669,0.16666666666666669,0.16666666666666669,0.16666666666666669,0.16666666666666669,0.16666666666666669
23,23.0,23.0,0.16666666666666669,0.16666666666666669,0.16666666666666669,0.16666666666666669,0.16666666666666669,0.16666666666666669
24,24.0,24.0,0.16666666666666669,0.16666666666666669,0.16666666666666669,0.16666666666666669,0.16666666666666669,0.16666666666666669
25,25.0,25.0,0.16666666666666669,0.16666666666666669,0.16666666666666669,0.16666666666666669,0.16666666666666669,0.16666666666666669
26,26.0,26.0,0.16666666666666669,0.16666666666666669,0.16666666666666669,0.16666666666666669,0.16666666666666669,0.16666666666666669
27,27.0,27.0,0.16666666666666669,0.16666666666666669,0.16666666666666669,0.16666666666666669,0.16666666666666669,0.16666666666666669
28,28.0,28.0,0.16666666666666669,0.16666666666666669,0.16666666666666669,0.16666666666666669,0.16666666666666669,0.16666666666666669
29,29.0,29.0,0.16666666666666669,0.16666666666666669,0.16666666666666669,0.16666666666666669,0.16666666666666669,0.16666666666666669
30,30.0,30.0,0.16666666666666669,0.16666666666666669,0.16666666666666669,0.16666666666666669,0.16666666666666669,0.16666666666666669
31,31.0,31.0,0.16666666666666669,0.16666666666666669,0.16666666666666669,0.16666666666666669,0.16666666666666669,0.16666666666666669
32,32.0,32.0,0.16666666666666669,0.16666666666666669,0.16666666666666669,0.16666666666666669,0.16666666666666669,0.16666666666666669
33,33.0,33.0,0.16666666666666669,0.16666666666666669,0.16666666666666669,0.16666666666666669,0.16666666666666669,0.16666666666666669
34,34.0,34.0,0.16666666666666669,0.16666666666666669,0.16666666666666669,0.16666666666666669,0.16666666666666669,0.16666666666666669
35,35.0,35.0,0.16666666666666669,0.16666666666666669,0.16666666666666669,0.16666666666666669,0.16666666666666669,0.16666666666666669
36,36.0,36.0,0.16666666666666669,0.16666666666666669,0.16666666666666669,0.16666666666666669,0.16666666666666669,0.16666666666666669
37,37.0,37.0,0.16666666666666669,0.16666666666666669,0.16666666666666669,0.16666666666666669,0.16666666666666669,0.16666666666666669
38,38.0,38.0,0.16666666666666669,0.16666666666666669,0.16666666666666669,0.16666666666666669,0.16666666666666669,0.16666666666666669
39,39.0,39.0,0.16666666666666669,0.16666666666666669,0.16666666666666669,0.16666666666666669,0.16666666666666669,0.16666666666666669
40,40.0,40.0,0.16666666666666669,0.16666666666666669,0.16666666666666669,0.16666666666666669,0.16666666666666669,0.16666666666666669
41,41.0,41.0,0.16666666666666669,0.16666666666666669,0.16666666666666669,0.16666666666666669,0.16666666666666669,0.16666666666666669
42,42.0,42.0,0.16666666666666669,0.16666666666666669,0.16666666666666669,0.16666666666666669,0.16666666666666669,0.16666666666666669
43,43.0,43.0,0.16666666666666669,0.16666666666666669,0.16666666666666669,0.16666666666666669,0.16666666666666669,0.16666666666666669
44,44.0,44.0,0.16666666666666669,0.16666666666666669,0.16666666666666669,0.16666666666666669,0.16666666666666669,0.16666666666666669
45,45.0,45.0,0.16666666666666669,0.16666666666666669,0.16666666666666669,0.16666666666666669,0.16666666666666669,0.16666666666666669
46,46.0,46.0,0.16666666666666669,0.16666666666666669,0.16666666666666669,0.16666666666666669,0.16666666666666669,0.16666666666666669
47,47.0,47.0,0.16666666666666669,0.16666666666666669,0.16666666666666669,0.16666666666666669,0.16666666666666669,0.16666666666666669
48,48.0,48.0,0.16666666666666669,0.16666666666666669,0.16666666666666669,0.16666666666666669,0.16666666666666669,0.16666666666666669
49,49.0,49.0,0.16666666666666669,0.16666666666666669,0.16666666666666669,0.16666666666666669,0.16666666666666669,0.16666666666666669
50,50.0,50.0,0.16666666666666669,0.16666666666666669,0.16666666666666669,0.16666666666666669,0.16666666666666669,0.16666666666666669
51,51.0,51.0,0.16666666666666669,0.16666666666666669,0.16666666666666669,0.16666666666666669,0.16666666666666669,0.16666666666666669
52,52.0,52.0,0.16666666666666669,0.16666666666666669,0.16666666666666669,0.16666666666666669,0.16666666666666669,0.16666666666666669
53,53.0,53.0,0.16666666666666669,0.16666666666666669,0.16666666666666669,0.16666666666666669,0.16666666666666669,0.16666666666666669
54,54.0,54.0,0.16666666666666669,0.16666666666666669,0.16666666666666669,0.16666666666666669,0.16666666666666669,0.16666666666666669
55,55.0,55.0,0.16666666666666669,0.16666666666666669,0.16666666666666669,0.16666666666666669,0.16666666666666669,0.16666666666666669
56,56.0,56.0,0.16666666666666669,0.16666666666666669,0.16666666666666669,0.16666666666666669,0.16666666666666669,0.16666666666666669
57,57.0,57.0,0.16666666666666669,0.16666666666666669,0.16666666666666669,0.16666666666666669,0.16666666666666669,0.16666666666666669
58,58.0,58.0,0.16666666666666669,0.16666666666666669,0.16666666666666669,0.16666666666666669,0.16666666666666669,0.16666666666666669
59,59.0,59.0,0.16666666666666669,0.16666666666666669,0.16666666666666669,0.16666666666666669,0.16666666666666669,0.16666666666666669
60,60.0,60.0,0.16666666666666669,0.16666666666666669,0.16666666666666669,0.16666666666666669,0.16666666666666669,0.16666666666666669
61,61.0,61.0,0.16666666666666669,0.16666666666666669,0.16666666666666669,0.16666666666666669,0.16666666666666669,0.16666666666666669
62,62.0,62.0,0.16666666666666669,0.16666666666666669,0.16666666666666669,0.16666666666666669,0.16666666666666669,0.16666666666666669
63,63.0,63.0,0.16666666666666669,0.16666666666666669,0.16666666666666669,0.16666666666666669,0.16666666666666669,0.16666666666666669
64,64.0,64.0,0.16666666666666669,0.16666666666666669,0.16666666666666669,0.16666666666666669,0.16666666666666669,0.16666666666666669
65,65.0,65.0,0.16666666666666669,0.16666666666666669,0.16666666666666669,0.16666666666666669,0.16666666666666669,0.16666666666666669
66,66.0,66.0,0.16666666666666669,0.16666666666666669,0.16666666666666669,0.16666666666666669,0.16666666666666669,0.16666666666666669
67,67.0,67.0,0.16666666666666669,0.16666666666666669,0.16666666666666669,0.16666666666666669,0.16666666666666669,0.16666666666666669
68,68.0,68.0,0.16666666666666669,0.16666666666666669,0.16666666666666669,0.16666666666666669,0.16666666666666669,0.16666666666666669
69,69.0,69.0,0.16666666666666669,0.16666666666666669,0.16666666666666669,0.16666666666666669,0.16666666666666669,0.16666666666666669
70,70.0,70.0,0.16666666666666669,0.16666666666666669,0.16666666666666669,0.16666666666666669,0.16666666666666669,0.16666666666666669
71,71.0,71.0,0.16666666666666669,0.16666666666666669,0.16666666666666669,0.16666666666666669,0.16666666666666669,0.16666666666666669
72,72.0,72.0,0.16666666666666669,0.16666666666666669,0.16666666666666669,0.16666666666666669,0.16666666666666669,0.16666666666666669
73,73.0,73.0,0.16666666666666669,0.16666666666666669,0.16666666666666669,0.16666666666666669,0.16666666666666669,0.16666666666666669
74,74.0,74.0,0.16666666666666669,0.16666666666666669,0.16666666666666669,0.16666666666666669,0.16666666666666669,0.16666666666666669
75,75.0,75.0,0.16666666666666669,0.16666666666666669,0.16666666666666669,0.16666666666666669,0.16666666666666669,0.16666666666666669
76,76.0,76.0,0.16666666666666669,0.16666666666666669,0.16666666666666669,0.16666666666666669,0.16666666666666669,0.16666666666666669
77,77.0,77.0,0.16666666666666669,0.16666666666666669,0.16666666666666669,0.16666666666666669,0.16666666666666669,0.16666666666666669
78,78.0,78.0,0.16666666666666669,0.16666666666666669,0.16666666666666669,0.16666666666666669,0.16666666666666669,0.16666666666666669
79,79.0,79.0,0.16666666666666669,0.16666666666666669,0.16666666666666669,0.16666666666666669,0.16666666666666669,0.16666666666666669
80,80.0,80.0,0.16666666666666669,0.16666666666666669,0.16666666666666669,0.16666666666666669,0.16666666666666669,0.16666666666666669
81,81.0,81.0,0.16666666666666669,0.16666666666666669,0.16666666666666669,0.16666666666666669,0.16666666666666669,0.16666666666666669
82,82.0,82.0,0.16666666666666669,0.16666666666666669,0.16666666666666669,0.16666666666666669,0.16666666666666669,0.16666666666666669
83,83.0,83.0,0.16666666666666669,0.16666666666666669,0.16666666666666669,0.16666666666666669,0.16666666666666669,0.16666666666666669
84,84.0,84.0,0.16666666666666669,0.16666666666666669,0.16666666666666669,0.16666666666666669,0.16666666666666669,0.16666666666666669
85,85.0,85.0,0.16666666666666669,0.16666666666666669,0.16666666666666669,0.16666666666666669,0.16666666666666669,0.16666666666666669
86,86.0,86.0,0.16666666666666669,0.16666666666666669,0.16666666666666669,0.16666666666666669,0.16666666666666669,0.16666666666666669
87,87.0,87.0,0.16666666666666669,0.16666666666666669,0.16666666666666669,0.16666666666666669,0.16666666666666669,0.16666666666666669
88,88.0,88.0,0.16666666666666669,0.16666666666666669,0.16666666666666669,0.16666666666666669,0.16666666666666669,0.16666666666666669
89,89.0,89.0,0.16666666666666669,0.16666666666666669,0.16666666666666669,0.16666666666666669,0.16666666666666669,0.16666666666666669
90,90.0,90.0,0.16666666666666669,0.16666666666666669,0.16666666666666669,0.16666666666666669,0.16666666666666669,0.16666666666666669
91,91.0,91.0,0.16666666666666669,0.16666666666666669,0.16666666666666669,0.16666666666666669,0.16666666666666669,0.16666666666666669
92,92.0,92.0,0.16666666666666669,0.16666666666666669,0.16666666666666669,0.16666666666666669,0.16666666666666669,0.16666666666666669
93,93.0,93.0,0.16666666666666669,0.16666666666666669,0.16666666666666669,0.16666666666666669,0.16666666666666669,0.16666666666666669
94,94.0,94.0,0.16666666666666669,0.16666666666666669,0.16666666666666669,0.16666666666666669,0.16666666666666669,0.16666666666666669
95,95.0,95.0,0.16666666666666669,0.16666666666666669,0.16666666666666669,0.16666666666666669,0.16666666666666669,0.16666666666666669
96,96.0,96.0,0.16666666666666669,0.16666666666666669,0.16666666666666669,0.16666666666666669,0.16666666666666669,0.16666666666666669
97,97.0,97.0,0.16666666666666669,0.16666666666666669,0.16666666666666669,0.16666666666666669,0.16666666666666669,0.16666666666666669
98,98.0,98.0,0.16666666666666669,0.16666666666666669,0.16666666666666669,0.16666666666666669,0.16666666666666669,0.16666666666666669
99,99.0,99.0,0.16666666666666669,0.16666666666666669,0.16666666666666669,0.16666666666666669,0.16666666666666669,0.16666666666666669
100,100.0,100.0,0.16666666666666669,0.16666666666666669,0.16666666666666669,0.16666666666666669,0.16666666666666669,0.16666666666666669
101,101.0,101.0,0.16666666666666669,0.16666666666666669,0.16666666666666669,0.16666666666666669,0.16666666666666669,0.16666666666666669
102,102.0,102.0,0.16666666666666669,0.16666666666666669,0.16666666666666669,0.16666666666666669,0.16666666666666669,0.16666666666666669
103,103.0,103.0,0.16666666666666669,0.16666666666666669,0.16666666666666669,0.16666666666666669,0.16666666666666669,0.16666666666666669
104,104.0,104.0,0.16666666666666669,0.16666666666666669,0.16666666666666669,0.16666666666666669,0.16666666666666669,0.16666666666666669
105,105.0,105.0,0.16666666666666669,0.16666666666666669,0.16666666666666669,0.16666666666666669,0.16666666666666669,0.16666666666666669
106,106.0,106.0,0.16666666666666669,0.16666666666666669,0.16666666666666669,0.16666666666666669,0.16666666666666669,0.16666666666666669
107,107.0,107.0,0.16666666666666669,0.16666666666666669,0.16666666666666669,0.16666666666666669,0.16666666666666669,0.16666666666666669
108,108.0,108.0,0.16666666666666669,0.16666666666666669,0.16666666666666669,0.16666666666666669,0.16666666666666669,0.16666666666666669
109,109.0,109.0,0.16666666666666669,0.16666666666666669,0.16666666666666669,0.16666666666666669,0.16666666666666669,0.16666666666666669
110,110.0,110.0,0.16666666666666669,0.16666666666666669,0.16666666666666669,0.16666666666666669,0.16666666666666669,0.16666666666666669
111,111.0,111.0,0.16666666666666669,0.16666666666666669,0.16666666666666669,0.16666666666666669,0.16666666666666669,0.16666666666666669
112,112.0,112.0,0.16666666666666669,0.16666666666666669,0.16666666666666669,0.16666666666666669,0.16666666666666669,0.16666666666666669
113,113.0,113.0,0.16666666666666669,0.16666666666666669,0.16666666666666669,0.16666666666666669,0.16666666666666669,0.16666666666666669
114,114.0,114.0,0.16666666666666669,0.16666666666666669,0.16666666666666669,0.16666666666666669,0.16666666666666669,0.16666666666666669
115,115.0,115.0,0.16666666666666669,0.16666666666666669,0.16666666666666669,0.16666666666666669,0.16666666666666669,0.16666666666666669
116,116.0,116.0,0.16666666666666669,0.16666666666666669,0.16666666666666669,0.16666666666666669,0.16666666666666669,0.16666666666666669
117,117.0,117.0,0.16666666666666669,0.16666666666666669,0.16666666666666669,0.16666666666666669,0.16666666666666669,0.16666666666666669
118,118.0,118.0,0.16666666666666669,0.16666666666666669,0.16666666666666669,0.16666666666666669,0.16666666666666669,0.16666666666666669
119,119.0,119.0,0.16666666666666669,0.16666666666666669,0.16666666666666669,0.16666666666666669,0.16666666666666669,0.16666666666666669
120,120.0,120.0,0.16666666666666669,0.16666666666666669,0.16666666666666669,0.16666666666666669,0.16666666666666669,0.16666666666666669
121,121.0,121.0,0.16666666666666669,0.16666666666666669,0.16666666666666669,0.16666666666666669,0.16666666666666669,0.16666666666666669
122,122.0,122.0,0.16666666666666669,0.16666666666666669,0.16666666666666669,0.16666666666666669,0.16666666666666669,0.16666666666666669
123,123.0,123.0,0.16666666666666669,0.16666666666666669,0.16666666666666669,0.16666666666666669,0.16666666666666669,0.16666666666666669
124,124.0,124.0,0.16666666666666669,0.16666666666666669,0.16666666666666669,0.16666666666666669,0.16666666666666669,0.16666666666666669
125,125.0,125.0,0.16666666666666669,0.16666666666666669,0.16666666666666669,0.16666666666666669,0.16666666666666669,0.16666666666666669
126,126.0,126.0,0.16666666666666669,0.16666666666666669,0.16666666666666669,0.16666666666666669,0.16666666666666669,0.16666666666666669
127,127.0,127.0,0.16666666666666669,0.16666666666666669,0.16666666666666669,0.16666666666666669,0.16666666666666669,0.16666666666666669
128,128.0,128.0,0.16666666666666669,0.16666666666666669,0.16666666666666669,0.16666666666666669,0.16666666666666669,0.16666666666666669
129,129.0,129.0,0.16666666666666669,0.16666666666666669,0.16666666666666669,0.16666666666666669,0.16666666666666669,0.16666666666666669
130,130.0,130.0,0.16666666666666669,0.16666666666666669,0.16666666666666669,0.16666666666666669,0.16666666666666669,0.16666666666666669
131,131.0,131.0,0.16666666666666669,0.16666666666666669,0.16666666666666669,0.16666666666666669,0.16666666666666669,0.16666666666666669
132,132.0,132.0,0.16666666666666669,0.16666666666666669,0.16666666666666669,0.16666666666666669,0.16666666666666669,0.16666666666666669
133,133.0,133.0,0.16666666666666669,0.16666666666666669,0.16666666666666669,0.16666666666666669,0.16666666666666669,0.16666666666666669
134,134.0,134.0,0.16666666666666669,0.16666666666666669,0.16666666666666669,0.16666666666666669,0.16666666666666669,0.16666666666666669
135,135.0,135.0,0.16666666666666669,0.16666666666666669,0.16666666666666669,0.16666666666666669,0.16666666666666669,0.16666666666666669
136,136.0,136.0,0.16666666666666669,0.16666666666666669,0.16666666666666669,0.16666666666666669,0.16666666666666669,0.16666666666666669
137,137.0,137.0,0.16666666666666669,0.16666666666666669,0.16666666666666669,0.16666666666666669,0.16666666666666669,0.16666666666666669
138,138.0,138.0,0.16666666666666669,0.16666666666666669,0.16666666666666669,0.16666666666666669,0.16666666666666669,0.16666666666666669
139,139.0,139.0,0.16666666666666669,0.16666666666666669,0.16666666666666669,0.16666666666666669,0.16666666666666669,0.16666666666666669
140,140.0,140.0,0.16666666666666669,0.16666666666666669,0.16666666666666669,0.16666666666666669,0.16666666666666669,0.16666666666666669
141,141.0,141.0,0.16666666666666669,0.16666666666666669,0.16666666666666669,0.16666666666666669,0.16666666666666669,0.16666666666666669
142,142.0,142.0,0.16666666666666669,0.16666666666666669,0.16666666666666669,0.16666666666666669,0.16666666666666669,0.16666666666666669
143,143.0,143.0,0.16666666666666669,0.16666666666666669,0.16666666666666669,0.16666666666666669,0.16666666666666669,0.16666666666666669
144,144.0,144.0,0.16666666666666669,0.16666666666666669,0.16666666666666669,0.16666666666666669,0.16666666666666669,0.16666666666666669
145,145.0,145.0,0.16666666666666669,0.16666666666666669,0.16666666666666669,0.16666666666666669,0.16666666666666669,0.16666666666666669
146,146.0,146.0,0.16666666666666669,0.16666666666666669,0.16666666666666669,0.16666666666666669,0.16666666666666669,0.16666666666666669
147,147.0,147.0,0.16666666666666669,0.16666666666666669,0.16666666666666669,0.16666666666666669,0.16666666666666669,0.16666666666666669
148,148.0,148.0,0.16666666666666669,0.16666666666666669,0.16666666666666669,0.16666666666666669,0.16666666666666669,0.16666666666666669
149,149.0,149.0,0.16666666666666669,0.16666666666666669,0.16666666666666669,0.16666666666666669,0.16666666666666669,0.16666666666666669
150,150.0,150.0,0.16666666666666669,0.16666666666666669,0.16666666666666669,0.16666666666666669,0.16666666666666669,0.16666666666666669
151,151.0,151.0,0.16666666666666669,0.16666666666666669,0.16666666666666669,0.16666666666666669,0.16666666666666669,0.16666666666666669
152,152.0,152.0,0.16666666666666669,0.16666666666666669,0.16666666666666669,0.16666666666666669,0.16666666666666669,0.16666666666666669
153,153.0,153.0,0.16666666666666669,0.16666666666666669,0.16666666666666669,0.16666666666666669,0.16666666666666669,0.16666666666666669
154,154.0,154.0,0.16666666666666669,0.16666666666666669,0.16666666666666669,0.16666666666666669,0.16666666666666669,0.16666666666666669
155,155.0,155.0,0.16666666666666669,0.16666666666666669,0.16666666666666669,0.16666666666666669,0.16666666666666669,0.16666666666666669
156,156.0,156.0,0.16666666666666669,0.16666666666666669,0.16666666666666669,0.16666666666666669,0.16666666666666669,0.16666666666666669
157,157.0,157.0,0.16666666666666669,0.16666666666666669,0.16666666666666669,0.16666666666666669,0.16666666666666669,0.16666666666666669
158,158.0,158.0,0.16666666666666669,0.16666666666666669,0.16666666666666669,0.16666666666666669,0.16666666666666669,0.16666666666666669
159,159.0,159.0,0.16666666666666669,0.16666666666666669,0.16666666666666669,0.16666666666666669,0.16666666666666669,0.16666666666666669
160,160.0,160.0,0.16666666666666669,0.16666666666666669,0.16666666666666669,0.16666666666666669,0.16666666666666669,0.16666666666666669
161,161.0,161.0,0.16666666666666669,0.16666666666666669,0.16666666666666669,0.16666666666666669,0.16666666666666669,0.16666666666666669
162,162.0,162.0,0.16666666666666669,0.16666666666666669,0.16666666666666669,0.16666666666666669,0.16666666666666669,0.16666666666666669
163,163.0,163.0,0.16666666666666669,0.16666666666666669,0.16666666666666669,0.16666666666666669,0.16666666666666669,0.16666666666666669
164,164.0,164.0,0.16666666666666669,0.16666666666666669,0.16666666666666669,0.16666666666666669,0.16666666666666669,0.16666666666666669
165,165.0,165.0,0.16666666666666669,0.16666666666666669,0.16666666666666669,0.16666666666666669,0.16666666666666669,0.16666666666666669
166,166.0,166.0,0.16666666666666669,0.16666666666666669,0.16666666666666669,0.16666666666666669,0.16666666666666669,0.16666666666666669
167,167.0,167.0,0.16666666666666669,0.16666666666666669,0.16666666666666669,0.16666666666666669,0.16666666666666669,0.16666666666666669
168,168.0,168.0,0.16666666666666669,0.16666666666666669,0.16666666666666669,0.16666666666666669,0.16666666666666669,0.16666666666666669
169,169.0,169.0,0.16666666666666669,0.16666666666666669,0.16666666666666669,0.16666666666666669,0.16666666666666669,0.16666666666666669
170,170.0,170.0,0.16666666666666669,0.16666666666666669,0.16666666666666669,0.16666666666666669,0.16666666666666669,0.16666666666666669
171,171.0,171.0,0.16666666666666669,0.16666666666666669,0.16666666666666669,0.16666666666666669,0.16666666666666669,0.16666666666666669
172,172.0,172.0,0.16666666666666669,0.16666666666666669,0.16666666666666669,0.16666666666666669,0.16666666666666669,0.16666666666666669
173,173.0,173.0,0.16666666666666669,0.16666666666666669,0.16666666666666669,0.16666666666666669,0.16666666666666669,0.16666666666666669
174,174.0,174.0,0.16666666666666669,0.16666666666666669,0.16666666666666669,0.16666666666666669,0.16666666666666669,0.16666666666666669
175,175.0,175.0,0.16666666666666669,0.16666666666666669,0.16666666666666669,0.16666666666666669,0.16666666666666669,0.16666666666666669
176,176.0,176.0,0.16666666666666669,0.16666666666666669,0.16666666666666669,0.16666666666666669,0.16666666666666669,0.16666666666666669
177,177.0,177.0,0.16666666666666669,0.16666666666666669,0.16666666666666669,0.16666666666666669,0.16666666666666669,0.16666666666666669
178,178.0,178.0,0.16666666666666669,0.16666666666666669,0.16666666666666669,0.16666666666666669,0.16666666666666669,0.16666666666666669
179,179.0,179.0,0.16666666666666669,0.16666666666666669,0.16666666666666669,0.16666666666666669,0.16666666666666669,0.16666666666666669
180,180.0,180.0,0.16666666666666669,0.16666666666666669,0.16666666666666669,0.16666666666666669,0.16666666666666669,0.16666666666666669
181,181.0,181.0,0.16666666666666669,0.16666666666666669,0.16666666666666669,0.16666666666666669,0.16666666666666669,0.16666666666666669
182,182.0,182.0,0.16666666666666669,0.16666666666666669,0.16666666666666669,0.16666666666666669,0.16666666666666669,0.16666666666666669
183,183.0,183.0,0.16666666666666669,0.16666666666666669,0.16666666666666669,0.16666666666666669,0.16666666666666669,0.16666666666666669
184,184.0,184.0,0.16666666666666669,0.16666666666666669,0.16666666666666669,0.16666666666666669,0.16666666666666669,0.16666666666666669
185,185.0,185.0,0.16666666666666669,0.16666666666666669,0.16666666666666669,0.16666666666666669,0.16666666666666669,0.16666666666666669
186,186.0,186.0,0.16666666666666669,0.16666666666666669,0.16666666666666669,0.16666666666666669,0.16666666666666669,0.16666666666666669
187,187.0,187.0,0.16666666666666669,0.16666666666666669,0.16666666666666669,0.16666666666666669,0.16666666666666669,0.16666666666666669
188,188.0,188.0,0.16666666666666669,0.16666666666666669,0.16666666666666669,0.16666666666666669,0.16666666666666669,0.16666666666666669
189,189.0,189.0,0.16666666666666669,0.16666666666666669,0.16666666666666669,0.16666666666666669,0.16666666666666669,0.16666666666666669
190,190.0,190.0,0.16666666666666669,0.16666666666666669,0.16666666666666669,0.16666666666666669,0.16666666666666669,0.16666666666666669
191,191.0,191.0,0.16666666666666669,0.16666666666666669,0.16666666666666669,0.16666666666666669,0.16666666666666669,0.16666666666666669
192,192.0,192.0,0.16666666666666669,0.16666666666666669,0.16666666666666669,0.16666666666666669,0.16666666666666669,0.16666666666666669
193,193.0,193.0,0.16666666666666669,0.16666666666666669,0.16666666666666669,0.16666666666666669,0.16666666666666669,0.16666666666666669
194,194.0,194.0,0.16666666666666669,0.16666666666666669,0.16666666666666669,0.16666666666666669,0.16666666666666669,0.16666666666666669
195,195.0,195.0,0.16666666666666669,0.16666666666666669,0.16666666666666669,0.16666666666666669,0.16666666666666669,0.16666666666666669
196,196.0,196.0,0.16666666666666669,0.16666666666666669,0.16666666666666669,0.16666666666666669,0.16666666666666669,0.16666666666666669
197,197.0,197.0,0.16666666666666669,0.16666666666666669,0.16666666666666669,0.16666666666666669,0.16666666666666669,0.16666666666666669
198,198.0,198.0,0.16666666666666669,0.16666666666666669,0.16666666666666669,0.16666666666666669,0.16666666666666669,0.16666666666666669
199,199.0,199.0,0.16666666666666669,0.16666666666666669,0.16666666666666669,0.16666666666666669,0.16666666666666669,0.16666666666666669
200,200.0,200.0,0.1595238095238095,0.1595238095238095,0.18809523809523807,0.1595238095238095,0.1738095238095238,0.1595238095238095
201,201.0,201.0,0.15773809523809523,0.17023809523809524,0.18630952380952379,0.15773809523809523,0.17023809523809524,0.15773809523809523
202,202.0,202.0,0.15456349206349207,0.1656746031746032,0.18134920634920634,0.15456349206349207,0.17817460317460318,0.1656746031746032
203,203.0,203.0,0.15456349206349207,0.1656746031746032,0.18134920634920634,0.15456349206349207,0.17817460317460318,0.1656746031746032
204,204.0,204.0,0.15456349206349207,0.1656746031746032,0.18134920634920634,0.15456349206349207,0.17817460317460318,0.1656746031746032
205,205.0,205.0,0.15456349206349207,0.1656746031746032,0.19384920634920635,0.15456349206349207,0.1656746031746032,0.1656746031746032
206,206.0,206.0,0.15456349206349207,0.1656746031746032,0.19384920634920635,0.15456349206349207,0.1656746031746032,0.1656746031746032
207,207.0,207.0,0.15456349206349207,0.1656746031746032,0.17956349206349206,0.15456349206349207,0.1656746031746032,0.17996031746031746
208,208.0,208.0,0.1527777777777778,0.16388888888888892,0.17777777777777778,0.1652777777777778,0.16388888888888892,0.1763888888888889
209,209.0,209.0,0.1503968253968254,0.16150793650793652,0.17539682539682538,0.17718253968253966,0.16150793650793652,0.1740079365079365
210,210.0,210.0,0.1486111111111111,0.1486111111111111,0.18611111111111112,0.1736111111111111,0.15972222222222224,0.18333333333333332
211,211.0,211.0,0.14864066193853429,0.14757683215130024,0.1812352245862884,0.1715130023640662,0.15656028368794325,0.1944739952718676
212,212.0,212.0,0.14625970955758189,0.15948159405606216,0.178854272205336,0.1691320499831138,0.15417933130699088,0.19209304289091522
213,213.0,213.0,0.1444739952718676,0.15591016548463357,0.17706855791962173,0.17984633569739955,0.1523936170212766,0.19030732860520094
214,214.0,214.0,0.1444739952718676,0.15591016548463357,0.17706855791962173,0.17984633569739955,0.16350472813238773,0.17919621749408982
215,215.0,215.0,0.14070415400202635,0.16186254643701453,0.18758443093549476,0.17468760553866938,0.15973488686254647,0.17542637622424856
216,216.0,216.0,0.14070415400202635,0.16186254643701453,0.18758443093549476,0.17468760553866938,0.15973488686254647,0.17542637622424856
217,217.0,217.0,0.14468253968253966,0.16579365079365077,0.19146825396825395,0.19174603174603172,0.15134920634920634,0.15496031746031744
218,218.0,218.0,0.14178571428571426,0.16067460317460316,0.19928571428571426,0.19773809523809524,0.14845238095238095,0.15206349206349207
219,219.0,219.0,0.1377020202020202,0.15477272727272728,0.2049242424242424,0.21025252525252522,0.14436868686868687,0.14797979797979796
220,220.0,220.0,0.1363131313131313,0.16449494949494953,0.20214646464646463,0.20747474747474745,0.14297979797979798,0.14659090909090908
221,221.0,221.0,0.13520202020202018,0.16338383838383835,0.1963131313131313,0.21775252525252525,0.14186868686868687,0.145479797979798
222,222.0,222.0,0.1340909090909091,0.17116161616161615,0.19409090909090906,0.21553030303030302,0.14075757575757578,0.14436868686868687
223,223.0,223.0,0.1308008658008658,0.1678715728715729,0.19716450216450215,0.21133116883116881,0.13746753246753246,0.15536435786435787
224,224.0,224.0,0.1296897546897547,0.16676046176046178,0.20383116883116886,0.2102200577200577,0.13524531024531025,0.15425324675324675
225,225.0,225.0,0.12941197691197692,0.17635196502843561,0.2010697309226721,0.22243060860707922,0.13235315338256518,0.13838256514727104
226,226.0,226.0,0.13921717171717174,0.17365715983363042,0.1956476530005942,0.21795008912655972,0.12874925727866907,0.14477866904337494
227,227.0,227.0,0.14957070707070708,0.17289958407605469,0.20095068330362448,0.20608140225787283,0.12723410576351754,0.14326351752822342
228,228.0,228.0,0.1498088023088023,0.17430014430014432,0.20113275613275614,0.2051010101010101,0.12619769119769123,0.14345959595959595
229,229.0,229.0,0.16564213564213565,0.17586176895000424,0.20391286817757406,0.18169064595535184,0.12784334946099654,0.14504923181393772
230,230.0,230.0,0.1637945904224974,0.17425400181214132,0.19399912748749956,0.1801102385986107,0.1346509949998322,0.1531910466794188
231,231.0,231.0,0.15383179081454942,0.17681793302482957,0.1952009006319351,0.1827009006319351,0.13590622978554015,0.15554224511121065
232,232.0,232.0,0.15383179081454942,0.17681793302482957,0.1952009006319351,0.1827009006319351,0.13590622978554015,0.15554224511121065
233,233.0,233.0,0.1579984574812161,0.18098459969149622,0.19027665820769268,0.17777665820769267,0.13249713887644923,0.16046648753545306
234,234.0,234.0,0.15724088172364034,0.18022702393392048,0.18724635517738963,0.1770190824501169,0.13931532069463104,0.15895133602030154
235,235.0,235.0,0.1565998560826147,0.17958599829289484,0.19237456030559477,0.17637805680909127,0.13739224377155412,0.15766928473825023
236,236.0,236.0,0.14902298850574713,0.15243842364532018,0.2204967159277504,0.18013957307060752,0.13982758620689656,0.15807471264367814
237,237.0,237.0,0.1492250087077673,0.15764044384734038,0.2079209583519928,0.1667052296362641,0.15252960640891675,0.16597875304771856
238,238.0,238.0,0.14783611981887843,0.15486266606956262,0.20653206946310396,0.16531634074737522,0.16086293974225008,0.16458986415882967
239,239.0,239.0,0.14783611981887843,0.15486266606956262,0.20653206946310396,0.16531634074737522,0.16086293974225008,0.16458986415882967
240,240.0,240.0,0.14672500870776733,0.15264044384734038,0.20542095835199287,0.1642052296362641,0.16752960640891676,0.16347875304771858
241,241.0,241.0,0.14672500870776733,0.15264044384734038,0.20542095835199287,0.1642052296362641,0.16752960640891676,0.16347875304771858
242,242.0,242.0,0.1511050061050061,0.1679304029304029,0.20909645909645908,0.13918040293040293,0.17739621489621488,0.15529151404151403
243,243.0,243.0,0.15151234567901234,0.17713403880070547,0.20616402116402116,0.14560405643738977,0.16507495590828924,0.15451058201058201
244,244.0,244.0,0.15151234567901234,0.17891975308641972,0.19187830687830687,0.14560405643738977,0.17757495590828926,0.15451058201058201
245,245.0,245.0,0.17413139329805996,0.18011022927689593,0.18056878306878307,0.14143738977072312,0.1734082892416226,0.15034391534391536
246,246.0,246.0,0.1700837742504409,0.1773721340388007,0.18354497354497354,0.13869929453262786,0.18221781305114637,0.1480820105820106
247,247.0,247.0,0.16688932980599647,0.1751499118165785,0.19743386243386246,0.13647707231040565,0.17777336860670195,0.14627645502645503
248,248.0,248.0,0.16429946052495073,0.1733035065878203,0.19300575785869906,0.13463066708164748,0.18996291109036206,0.14479769685652039
249,249.0,249.0,0.15831461204010222,0.17933886012317385,0.18702090937385057,0.15114581859679901,0.1830689716964227,0.14111082816965173
250,250.0,250.0,0.15831461204010222,0.17933886012317385,0.18702090937385057,0.15114581859679901,0.1830689716964227,0.14111082816965173
251,251.0,251.0,0.15831461204010222,0.16822774901206275,0.18702090937385057,0.15114581859679901,0.1830689716964227,0.15222193928076283
252,252.0,252.0,0.1591821462409698,0.17009628421393128,0.18707095942390062,0.15107908519673224,0.18400323929735696,0.14856828562710916
253,253.0,253.0,0.1591821462409698,0.17009628421393128,0.18707095942390062,0.15107908519673224,0.18400323929735696,0.14856828562710916
254,254.0,254.0,0.15807103512985865,0.16787406199170907,0.1848487372016784,0.14996797408562115,0.19178101707513473,0.14745717451599805
255,255.0,255.0,0.14924967674967676,0.18356467856467856,0.16792874542874542,0.15064887814887817,0.2085833160833161,0.14002470502470504
256,256.0,256.0,0.14655376155376157,0.1853157053157053,0.1644752544752545,0.14685406185406186,0.20975020475020476,0.14705101205101206
257,257.0,257.0,0.14496645996646,0.19166491166491167,0.1628879528879529,0.14431437931437935,0.21292480792480792,0.14324148824148825
258,258.0,258.0,0.1445497932997933,0.19666491166491168,0.16247128622128623,0.14306437931437935,0.21042480792480794,0.1428248215748216
259,259.0,259.0,0.14418214624096978,0.20107667637079402,0.1621036391624627,0.14196143813790876,0.20821892557186678,0.14245717451599807
260,260.0,260.0,0.1452932573520809,0.20441000970412734,0.17432586138468492,0.14307254924901985,0.20933003668297787,0.12356828562710917
261,261.0,261.0,0.1452932573520809,0.20441000970412734,0.17432586138468492,0.14307254924901985,0.20933003668297787,0.12356828562710917
262,262.0,262.0,0.1452932573520809,0.20441000970412734,0.16321475027357382,0.14307254924901985,0.20933003668297787,0.1346793967382203
263,263.0,263.0,0.14418214624096978,0.19218778748190513,0.1698814169402405,0.15307254924901986,0.20821892557186678,0.1324571745159981
264,264.0,264.0,0.1432730553318789,0.19127869657281424,0.16624505330387684,0.15216345833992895,0.20730983466277583,0.13972990178872532
265,265.0,265.0,0.1432730553318789,0.19127869657281424,0.16624505330387684,0.15216345833992895,0.20730983466277583,0.13972990178872532
266,266.0,266.0,0.1432730553318789,0.19127869657281424,0.16624505330387684,0.15216345833992895,0.20730983466277583,0.13972990178872532
267,267.0,267.0,0.1432730553318789,0.19127869657281424,0.16624505330387684,0.15216345833992895,0.20730983466277583,0.13972990178872532
268,268.0,268.0,0.1432730553318789,0.18016758546170314,0.16624505330387684,0.16327456945104005,0.21640074375368493,0.13063899269781626
269,269.0,269.0,0.1432730553318789,0.18016758546170314,0.16624505330387684,0.16327456945104005,0.21640074375368493,0.13063899269781626
270,270.0,270.0,0.1451025771614007,0.1831613484554661,0.1683032653620889,0.16360720978368037,0.21789762525056644,0.12192797398679753
271,271.0,271.0,0.1451025771614007,0.1831613484554661,0.1683032653620889,0.16360720978368037,0.21789762525056644,0.12192797398679753
272,272.0,272.0,0.16176924382806737,0.19149468178879944,0.16413659869542224,0.16777387645034705,0.18873095858389977,0.1260946406534642
273,273.0,273.0,0.1701025771614007,0.18871690401102167,0.16274770980653336,0.16638498756145817,0.18734206969501088,0.12470575176457532
274,274.0,274.0,0.17101166807049165,0.1896259949201126,0.16638407344289702,0.16729407847054906,0.1891602515131927,0.11652393358275712
275,275.0,275.0,0.17101166807049165,0.1896259949201126,0.16638407344289702,0.16729407847054906,0.1891602515131927,0.11652393358275712
276,276.0,276.0,0.1752973823562059,0.17391170920582685,0.17066978772861127,0.17157979275626334,0.1877316800846213,0.1208096478684714
277,277.0,277.0,0.17351166807049162,0.17212599492011257,0.181384073442897,0.16979407847054906,0.1841602515131927,0.11902393358275712
278,278.0,278.0,0.17323389029271385,0.1718482171423348,0.19416185122067472,0.1695163006927713,0.17249358484652602,0.11874615580497934
279,279.0,279.0,0.17323389029271385,0.1718482171423348,0.19416185122067472,0.1695163006927713,0.17249358484652602,0.11874615580497934
280,280.0,280.0,0.16974182680065034,0.1683561536502713,0.1973364543952779,0.16602423720070777,0.16900152135446253,0.12953980659863013
281,281.0,281.0,0.14978511684394039,0.15951055480467247,0.21616762322644673,0.16828974946622005,0.16015592250886368,0.14609103314985666
282,282.0,282.0,0.1490275410863646,0.173038693332811,0.2199555020143255,0.1675321737086443,0.15939834675128792,0.13104774310656664
283,283.0,283.0,0.1490275410863646,0.173038693332811,0.2199555020143255,0.1675321737086443,0.15939834675128792,0.13104774310656664
284,284.0,284.0,0.1474350984412904,0.17824787012093515,0.22057628474037144,0.1659667216168764,0.1576169702330693,0.13015705484745732
285,285.0,285.0,0.132038273044465,0.16285104472410974,0.2326397768038635,0.17263338828354308,0.1707915734076725,0.1290459437363462
286,286.0,286.0,0.12985573336192532,0.16242289100648236,0.2328381895022762,0.1704508486010034,0.17756893347450625,0.12686340405380653
287,287.0,287.0,0.12985573336192532,0.16242289100648236,0.2328381895022762,0.1704508486010034,0.17756893347450625,0.12686340405380653
288,288.0,288.0,0.1302212304379487,0.16103400211759347,0.22969491464847502,0.18017307082322565,0.17340226680783957,0.12547451516491764
289,289.0,289.0,0.1302212304379487,0.16103400211759347,0.22969491464847502,0.18017307082322565,0.17340226680783957,0.12547451516491764
290,290.0,290.0,0.1302212304379487,0.16103400211759347,0.22969491464847502,0.18017307082322565,0.17340226680783957,0.12547451516491764
291,291.0,291.0,0.13339583361255186,0.16420860529219664,0.2078695178230782,0.17223656288671768,0.1811403620459348,0.14114911833952082
292,292.0,292.0,0.13386575842458195,0.16655822935234701,0.20815147271029627,0.17245586113233174,0.17772557507851627,0.14124310330192685
293,293.0,293.0,0.13386575842458195,0.1808439436380613,0.20815147271029627,0.17245586113233174,0.16343986079280198,0.14124310330192685
294,294.0,294.0,0.13208004413886767,0.18977251506663273,0.206365758424582,0.17067014684661747,0.1616541465070877,0.13945738901621255
295,295.0,295.0,0.1306911552499788,0.18560584839996605,0.2049768695356931,0.16928125795772858,0.1713763687293099,0.13806850012732366
