Total_iterations,Unnamed: 0.1,Intertwine_two,Add_vertex,Delete_vertex,Invert_path_vertices,Insert_inside_vertex,Delete_inside_vertex
0,0.0,0.1666666666666666,0.1666666666666666,0.1666666666666666,0.1666666666666666,0.1666666666666666,0.1666666666666666
1,1.0,0.1666666666666666,0.1666666666666666,0.1666666666666666,0.1666666666666666,0.1666666666666666,0.1666666666666666
2,2.0,0.1666666666666666,0.1666666666666666,0.1666666666666666,0.1666666666666666,0.1666666666666666,0.1666666666666666
3,3.0,0.1666666666666666,0.1666666666666666,0.1666666666666666,0.1666666666666666,0.1666666666666666,0.1666666666666666
4,4.0,0.1666666666666666,0.1666666666666666,0.1666666666666666,0.1666666666666666,0.1666666666666666,0.1666666666666666
5,5.0,0.1666666666666666,0.1666666666666666,0.1666666666666666,0.1666666666666666,0.1666666666666666,0.1666666666666666
6,6.0,0.1666666666666666,0.1666666666666666,0.1666666666666666,0.1666666666666666,0.1666666666666666,0.1666666666666666
7,7.0,0.1666666666666666,0.1666666666666666,0.1666666666666666,0.1666666666666666,0.1666666666666666,0.1666666666666666
8,8.0,0.1666666666666666,0.1666666666666666,0.1666666666666666,0.1666666666666666,0.1666666666666666,0.1666666666666666
9,9.0,0.1666666666666666,0.1666666666666666,0.1666666666666666,0.1666666666666666,0.1666666666666666,0.1666666666666666
10,10.0,0.1666666666666666,0.1666666666666666,0.1666666666666666,0.1666666666666666,0.1666666666666666,0.1666666666666666
11,11.0,0.1666666666666666,0.1666666666666666,0.1666666666666666,0.1666666666666666,0.1666666666666666,0.1666666666666666
12,12.0,0.1666666666666666,0.1666666666666666,0.1666666666666666,0.1666666666666666,0.1666666666666666,0.1666666666666666
13,13.0,0.1666666666666666,0.1666666666666666,0.1666666666666666,0.1666666666666666,0.1666666666666666,0.1666666666666666
14,14.0,0.1666666666666666,0.1666666666666666,0.1666666666666666,0.1666666666666666,0.1666666666666666,0.1666666666666666
15,15.0,0.1666666666666666,0.1666666666666666,0.1666666666666666,0.1666666666666666,0.1666666666666666,0.1666666666666666
16,16.0,0.1666666666666666,0.1666666666666666,0.1666666666666666,0.1666666666666666,0.1666666666666666,0.1666666666666666
17,17.0,0.1666666666666666,0.1666666666666666,0.1666666666666666,0.1666666666666666,0.1666666666666666,0.1666666666666666
18,18.0,0.1666666666666666,0.1666666666666666,0.1666666666666666,0.1666666666666666,0.1666666666666666,0.1666666666666666
19,19.0,0.1666666666666666,0.1666666666666666,0.1666666666666666,0.1666666666666666,0.1666666666666666,0.1666666666666666
20,20.0,0.1666666666666666,0.1666666666666666,0.1666666666666666,0.1666666666666666,0.1666666666666666,0.1666666666666666
21,21.0,0.1666666666666666,0.1666666666666666,0.1666666666666666,0.1666666666666666,0.1666666666666666,0.1666666666666666
22,22.0,0.1666666666666666,0.1666666666666666,0.1666666666666666,0.1666666666666666,0.1666666666666666,0.1666666666666666
23,23.0,0.1666666666666666,0.1666666666666666,0.1666666666666666,0.1666666666666666,0.1666666666666666,0.1666666666666666
24,24.0,0.1666666666666666,0.1666666666666666,0.1666666666666666,0.1666666666666666,0.1666666666666666,0.1666666666666666
25,25.0,0.1666666666666666,0.1666666666666666,0.1666666666666666,0.1666666666666666,0.1666666666666666,0.1666666666666666
26,26.0,0.1666666666666666,0.1666666666666666,0.1666666666666666,0.1666666666666666,0.1666666666666666,0.1666666666666666
27,27.0,0.1666666666666666,0.1666666666666666,0.1666666666666666,0.1666666666666666,0.1666666666666666,0.1666666666666666
28,28.0,0.1666666666666666,0.1666666666666666,0.1666666666666666,0.1666666666666666,0.1666666666666666,0.1666666666666666
29,29.0,0.1666666666666666,0.1666666666666666,0.1666666666666666,0.1666666666666666,0.1666666666666666,0.1666666666666666
30,30.0,0.1666666666666666,0.1666666666666666,0.1666666666666666,0.1666666666666666,0.1666666666666666,0.1666666666666666
31,31.0,0.1666666666666666,0.1666666666666666,0.1666666666666666,0.1666666666666666,0.1666666666666666,0.1666666666666666
32,32.0,0.1666666666666666,0.1666666666666666,0.1666666666666666,0.1666666666666666,0.1666666666666666,0.1666666666666666
33,33.0,0.1666666666666666,0.1666666666666666,0.1666666666666666,0.1666666666666666,0.1666666666666666,0.1666666666666666
34,34.0,0.1666666666666666,0.1666666666666666,0.1666666666666666,0.1666666666666666,0.1666666666666666,0.1666666666666666
35,35.0,0.1666666666666666,0.1666666666666666,0.1666666666666666,0.1666666666666666,0.1666666666666666,0.1666666666666666
36,36.0,0.1666666666666666,0.1666666666666666,0.1666666666666666,0.1666666666666666,0.1666666666666666,0.1666666666666666
37,37.0,0.1666666666666666,0.1666666666666666,0.1666666666666666,0.1666666666666666,0.1666666666666666,0.1666666666666666
38,38.0,0.1666666666666666,0.1666666666666666,0.1666666666666666,0.1666666666666666,0.1666666666666666,0.1666666666666666
39,39.0,0.1666666666666666,0.1666666666666666,0.1666666666666666,0.1666666666666666,0.1666666666666666,0.1666666666666666
40,40.0,0.1666666666666666,0.1666666666666666,0.1666666666666666,0.1666666666666666,0.1666666666666666,0.1666666666666666
41,41.0,0.1666666666666666,0.1666666666666666,0.1666666666666666,0.1666666666666666,0.1666666666666666,0.1666666666666666
42,42.0,0.1666666666666666,0.1666666666666666,0.1666666666666666,0.1666666666666666,0.1666666666666666,0.1666666666666666
43,43.0,0.1666666666666666,0.1666666666666666,0.1666666666666666,0.1666666666666666,0.1666666666666666,0.1666666666666666
44,44.0,0.1666666666666666,0.1666666666666666,0.1666666666666666,0.1666666666666666,0.1666666666666666,0.1666666666666666
45,45.0,0.1666666666666666,0.1666666666666666,0.1666666666666666,0.1666666666666666,0.1666666666666666,0.1666666666666666
46,46.0,0.1666666666666666,0.1666666666666666,0.1666666666666666,0.1666666666666666,0.1666666666666666,0.1666666666666666
47,47.0,0.1666666666666666,0.1666666666666666,0.1666666666666666,0.1666666666666666,0.1666666666666666,0.1666666666666666
48,48.0,0.1666666666666666,0.1666666666666666,0.1666666666666666,0.1666666666666666,0.1666666666666666,0.1666666666666666
49,49.0,0.1666666666666666,0.1666666666666666,0.1666666666666666,0.1666666666666666,0.1666666666666666,0.1666666666666666
50,50.0,0.1666666666666666,0.1666666666666666,0.1666666666666666,0.1666666666666666,0.1666666666666666,0.1666666666666666
51,51.0,0.1666666666666666,0.1666666666666666,0.1666666666666666,0.1666666666666666,0.1666666666666666,0.1666666666666666
52,52.0,0.1666666666666666,0.1666666666666666,0.1666666666666666,0.1666666666666666,0.1666666666666666,0.1666666666666666
53,53.0,0.1666666666666666,0.1666666666666666,0.1666666666666666,0.1666666666666666,0.1666666666666666,0.1666666666666666
54,54.0,0.1666666666666666,0.1666666666666666,0.1666666666666666,0.1666666666666666,0.1666666666666666,0.1666666666666666
55,55.0,0.1666666666666666,0.1666666666666666,0.1666666666666666,0.1666666666666666,0.1666666666666666,0.1666666666666666
56,56.0,0.1666666666666666,0.1666666666666666,0.1666666666666666,0.1666666666666666,0.1666666666666666,0.1666666666666666
57,57.0,0.1666666666666666,0.1666666666666666,0.1666666666666666,0.1666666666666666,0.1666666666666666,0.1666666666666666
58,58.0,0.1666666666666666,0.1666666666666666,0.1666666666666666,0.1666666666666666,0.1666666666666666,0.1666666666666666
59,59.0,0.1666666666666666,0.1666666666666666,0.1666666666666666,0.1666666666666666,0.1666666666666666,0.1666666666666666
60,60.0,0.1666666666666666,0.1666666666666666,0.1666666666666666,0.1666666666666666,0.1666666666666666,0.1666666666666666
61,61.0,0.1666666666666666,0.1666666666666666,0.1666666666666666,0.1666666666666666,0.1666666666666666,0.1666666666666666
62,62.0,0.1666666666666666,0.1666666666666666,0.1666666666666666,0.1666666666666666,0.1666666666666666,0.1666666666666666
63,63.0,0.1666666666666666,0.1666666666666666,0.1666666666666666,0.1666666666666666,0.1666666666666666,0.1666666666666666
64,64.0,0.1666666666666666,0.1666666666666666,0.1666666666666666,0.1666666666666666,0.1666666666666666,0.1666666666666666
65,65.0,0.1666666666666666,0.1666666666666666,0.1666666666666666,0.1666666666666666,0.1666666666666666,0.1666666666666666
66,66.0,0.1666666666666666,0.1666666666666666,0.1666666666666666,0.1666666666666666,0.1666666666666666,0.1666666666666666
67,67.0,0.1666666666666666,0.1666666666666666,0.1666666666666666,0.1666666666666666,0.1666666666666666,0.1666666666666666
68,68.0,0.1666666666666666,0.1666666666666666,0.1666666666666666,0.1666666666666666,0.1666666666666666,0.1666666666666666
69,69.0,0.1666666666666666,0.1666666666666666,0.1666666666666666,0.1666666666666666,0.1666666666666666,0.1666666666666666
70,70.0,0.1666666666666666,0.1666666666666666,0.1666666666666666,0.1666666666666666,0.1666666666666666,0.1666666666666666
71,71.0,0.1666666666666666,0.1666666666666666,0.1666666666666666,0.1666666666666666,0.1666666666666666,0.1666666666666666
72,72.0,0.1666666666666666,0.1666666666666666,0.1666666666666666,0.1666666666666666,0.1666666666666666,0.1666666666666666
73,73.0,0.1666666666666666,0.1666666666666666,0.1666666666666666,0.1666666666666666,0.1666666666666666,0.1666666666666666
74,74.0,0.1666666666666666,0.1666666666666666,0.1666666666666666,0.1666666666666666,0.1666666666666666,0.1666666666666666
75,75.0,0.1666666666666666,0.1666666666666666,0.1666666666666666,0.1666666666666666,0.1666666666666666,0.1666666666666666
76,76.0,0.1666666666666666,0.1666666666666666,0.1666666666666666,0.1666666666666666,0.1666666666666666,0.1666666666666666
77,77.0,0.1666666666666666,0.1666666666666666,0.1666666666666666,0.1666666666666666,0.1666666666666666,0.1666666666666666
78,78.0,0.1666666666666666,0.1666666666666666,0.1666666666666666,0.1666666666666666,0.1666666666666666,0.1666666666666666
79,79.0,0.1666666666666666,0.1666666666666666,0.1666666666666666,0.1666666666666666,0.1666666666666666,0.1666666666666666
80,80.0,0.1666666666666666,0.1666666666666666,0.1666666666666666,0.1666666666666666,0.1666666666666666,0.1666666666666666
81,81.0,0.1666666666666666,0.1666666666666666,0.1666666666666666,0.1666666666666666,0.1666666666666666,0.1666666666666666
82,82.0,0.1666666666666666,0.1666666666666666,0.1666666666666666,0.1666666666666666,0.1666666666666666,0.1666666666666666
83,83.0,0.1666666666666666,0.1666666666666666,0.1666666666666666,0.1666666666666666,0.1666666666666666,0.1666666666666666
84,84.0,0.1666666666666666,0.1666666666666666,0.1666666666666666,0.1666666666666666,0.1666666666666666,0.1666666666666666
85,85.0,0.1666666666666666,0.1666666666666666,0.1666666666666666,0.1666666666666666,0.1666666666666666,0.1666666666666666
86,86.0,0.1666666666666666,0.1666666666666666,0.1666666666666666,0.1666666666666666,0.1666666666666666,0.1666666666666666
87,87.0,0.1666666666666666,0.1666666666666666,0.1666666666666666,0.1666666666666666,0.1666666666666666,0.1666666666666666
88,88.0,0.1666666666666666,0.1666666666666666,0.1666666666666666,0.1666666666666666,0.1666666666666666,0.1666666666666666
89,89.0,0.1666666666666666,0.1666666666666666,0.1666666666666666,0.1666666666666666,0.1666666666666666,0.1666666666666666
90,90.0,0.1666666666666666,0.1666666666666666,0.1666666666666666,0.1666666666666666,0.1666666666666666,0.1666666666666666
91,91.0,0.1666666666666666,0.1666666666666666,0.1666666666666666,0.1666666666666666,0.1666666666666666,0.1666666666666666
92,92.0,0.1666666666666666,0.1666666666666666,0.1666666666666666,0.1666666666666666,0.1666666666666666,0.1666666666666666
93,93.0,0.1666666666666666,0.1666666666666666,0.1666666666666666,0.1666666666666666,0.1666666666666666,0.1666666666666666
94,94.0,0.1666666666666666,0.1666666666666666,0.1666666666666666,0.1666666666666666,0.1666666666666666,0.1666666666666666
95,95.0,0.1666666666666666,0.1666666666666666,0.1666666666666666,0.1666666666666666,0.1666666666666666,0.1666666666666666
96,96.0,0.1666666666666666,0.1666666666666666,0.1666666666666666,0.1666666666666666,0.1666666666666666,0.1666666666666666
97,97.0,0.1666666666666666,0.1666666666666666,0.1666666666666666,0.1666666666666666,0.1666666666666666,0.1666666666666666
98,98.0,0.1666666666666666,0.1666666666666666,0.1666666666666666,0.1666666666666666,0.1666666666666666,0.1666666666666666
99,99.0,0.1666666666666666,0.1666666666666666,0.1666666666666666,0.1666666666666666,0.1666666666666666,0.1666666666666666
100,100.0,0.1666666666666666,0.1666666666666666,0.1666666666666666,0.1666666666666666,0.1666666666666666,0.1666666666666666
101,101.0,0.1666666666666666,0.1666666666666666,0.1666666666666666,0.1666666666666666,0.1666666666666666,0.1666666666666666
102,102.0,0.1666666666666666,0.1666666666666666,0.1666666666666666,0.1666666666666666,0.1666666666666666,0.1666666666666666
103,103.0,0.1666666666666666,0.1666666666666666,0.1666666666666666,0.1666666666666666,0.1666666666666666,0.1666666666666666
104,104.0,0.1666666666666666,0.1666666666666666,0.1666666666666666,0.1666666666666666,0.1666666666666666,0.1666666666666666
105,105.0,0.1666666666666666,0.1666666666666666,0.1666666666666666,0.1666666666666666,0.1666666666666666,0.1666666666666666
106,106.0,0.1666666666666666,0.1666666666666666,0.1666666666666666,0.1666666666666666,0.1666666666666666,0.1666666666666666
107,107.0,0.1666666666666666,0.1666666666666666,0.1666666666666666,0.1666666666666666,0.1666666666666666,0.1666666666666666
108,108.0,0.1666666666666666,0.1666666666666666,0.1666666666666666,0.1666666666666666,0.1666666666666666,0.1666666666666666
109,109.0,0.1666666666666666,0.1666666666666666,0.1666666666666666,0.1666666666666666,0.1666666666666666,0.1666666666666666
110,110.0,0.1666666666666666,0.1666666666666666,0.1666666666666666,0.1666666666666666,0.1666666666666666,0.1666666666666666
111,111.0,0.1666666666666666,0.1666666666666666,0.1666666666666666,0.1666666666666666,0.1666666666666666,0.1666666666666666
112,112.0,0.1666666666666666,0.1666666666666666,0.1666666666666666,0.1666666666666666,0.1666666666666666,0.1666666666666666
113,113.0,0.1666666666666666,0.1666666666666666,0.1666666666666666,0.1666666666666666,0.1666666666666666,0.1666666666666666
114,114.0,0.1666666666666666,0.1666666666666666,0.1666666666666666,0.1666666666666666,0.1666666666666666,0.1666666666666666
115,115.0,0.1666666666666666,0.1666666666666666,0.1666666666666666,0.1666666666666666,0.1666666666666666,0.1666666666666666
116,116.0,0.1666666666666666,0.1666666666666666,0.1666666666666666,0.1666666666666666,0.1666666666666666,0.1666666666666666
117,117.0,0.1666666666666666,0.1666666666666666,0.1666666666666666,0.1666666666666666,0.1666666666666666,0.1666666666666666
118,118.0,0.1666666666666666,0.1666666666666666,0.1666666666666666,0.1666666666666666,0.1666666666666666,0.1666666666666666
119,119.0,0.1666666666666666,0.1666666666666666,0.1666666666666666,0.1666666666666666,0.1666666666666666,0.1666666666666666
120,120.0,0.1666666666666666,0.1666666666666666,0.1666666666666666,0.1666666666666666,0.1666666666666666,0.1666666666666666
121,121.0,0.1666666666666666,0.1666666666666666,0.1666666666666666,0.1666666666666666,0.1666666666666666,0.1666666666666666
122,122.0,0.1666666666666666,0.1666666666666666,0.1666666666666666,0.1666666666666666,0.1666666666666666,0.1666666666666666
123,123.0,0.1666666666666666,0.1666666666666666,0.1666666666666666,0.1666666666666666,0.1666666666666666,0.1666666666666666
124,124.0,0.1666666666666666,0.1666666666666666,0.1666666666666666,0.1666666666666666,0.1666666666666666,0.1666666666666666
125,125.0,0.1666666666666666,0.1666666666666666,0.1666666666666666,0.1666666666666666,0.1666666666666666,0.1666666666666666
126,126.0,0.1666666666666666,0.1666666666666666,0.1666666666666666,0.1666666666666666,0.1666666666666666,0.1666666666666666
127,127.0,0.1666666666666666,0.1666666666666666,0.1666666666666666,0.1666666666666666,0.1666666666666666,0.1666666666666666
128,128.0,0.1666666666666666,0.1666666666666666,0.1666666666666666,0.1666666666666666,0.1666666666666666,0.1666666666666666
129,129.0,0.1666666666666666,0.1666666666666666,0.1666666666666666,0.1666666666666666,0.1666666666666666,0.1666666666666666
130,130.0,0.1666666666666666,0.1666666666666666,0.1666666666666666,0.1666666666666666,0.1666666666666666,0.1666666666666666
131,131.0,0.1666666666666666,0.1666666666666666,0.1666666666666666,0.1666666666666666,0.1666666666666666,0.1666666666666666
132,132.0,0.1666666666666666,0.1666666666666666,0.1666666666666666,0.1666666666666666,0.1666666666666666,0.1666666666666666
133,133.0,0.1666666666666666,0.1666666666666666,0.1666666666666666,0.1666666666666666,0.1666666666666666,0.1666666666666666
134,134.0,0.1666666666666666,0.1666666666666666,0.1666666666666666,0.1666666666666666,0.1666666666666666,0.1666666666666666
135,135.0,0.1666666666666666,0.1666666666666666,0.1666666666666666,0.1666666666666666,0.1666666666666666,0.1666666666666666
136,136.0,0.1666666666666666,0.1666666666666666,0.1666666666666666,0.1666666666666666,0.1666666666666666,0.1666666666666666
137,137.0,0.1666666666666666,0.1666666666666666,0.1666666666666666,0.1666666666666666,0.1666666666666666,0.1666666666666666
138,138.0,0.1666666666666666,0.1666666666666666,0.1666666666666666,0.1666666666666666,0.1666666666666666,0.1666666666666666
139,139.0,0.1666666666666666,0.1666666666666666,0.1666666666666666,0.1666666666666666,0.1666666666666666,0.1666666666666666
140,140.0,0.1666666666666666,0.1666666666666666,0.1666666666666666,0.1666666666666666,0.1666666666666666,0.1666666666666666
141,141.0,0.1666666666666666,0.1666666666666666,0.1666666666666666,0.1666666666666666,0.1666666666666666,0.1666666666666666
142,142.0,0.1666666666666666,0.1666666666666666,0.1666666666666666,0.1666666666666666,0.1666666666666666,0.1666666666666666
143,143.0,0.1666666666666666,0.1666666666666666,0.1666666666666666,0.1666666666666666,0.1666666666666666,0.1666666666666666
144,144.0,0.1666666666666666,0.1666666666666666,0.1666666666666666,0.1666666666666666,0.1666666666666666,0.1666666666666666
145,145.0,0.1666666666666666,0.1666666666666666,0.1666666666666666,0.1666666666666666,0.1666666666666666,0.1666666666666666
146,146.0,0.1666666666666666,0.1666666666666666,0.1666666666666666,0.1666666666666666,0.1666666666666666,0.1666666666666666
147,147.0,0.1666666666666666,0.1666666666666666,0.1666666666666666,0.1666666666666666,0.1666666666666666,0.1666666666666666
148,148.0,0.1666666666666666,0.1666666666666666,0.1666666666666666,0.1666666666666666,0.1666666666666666,0.1666666666666666
149,149.0,0.1666666666666666,0.1666666666666666,0.1666666666666666,0.1666666666666666,0.1666666666666666,0.1666666666666666
150,150.0,0.1666666666666666,0.1666666666666666,0.1666666666666666,0.1666666666666666,0.1666666666666666,0.1666666666666666
151,151.0,0.1666666666666666,0.1666666666666666,0.1666666666666666,0.1666666666666666,0.1666666666666666,0.1666666666666666
152,152.0,0.1666666666666666,0.1666666666666666,0.1666666666666666,0.1666666666666666,0.1666666666666666,0.1666666666666666
153,153.0,0.1666666666666666,0.1666666666666666,0.1666666666666666,0.1666666666666666,0.1666666666666666,0.1666666666666666
154,154.0,0.1666666666666666,0.1666666666666666,0.1666666666666666,0.1666666666666666,0.1666666666666666,0.1666666666666666
155,155.0,0.1666666666666666,0.1666666666666666,0.1666666666666666,0.1666666666666666,0.1666666666666666,0.1666666666666666
156,156.0,0.1666666666666666,0.1666666666666666,0.1666666666666666,0.1666666666666666,0.1666666666666666,0.1666666666666666
157,157.0,0.1666666666666666,0.1666666666666666,0.1666666666666666,0.1666666666666666,0.1666666666666666,0.1666666666666666
158,158.0,0.1666666666666666,0.1666666666666666,0.1666666666666666,0.1666666666666666,0.1666666666666666,0.1666666666666666
159,159.0,0.1666666666666666,0.1666666666666666,0.1666666666666666,0.1666666666666666,0.1666666666666666,0.1666666666666666
160,160.0,0.1666666666666666,0.1666666666666666,0.1666666666666666,0.1666666666666666,0.1666666666666666,0.1666666666666666
161,161.0,0.1666666666666666,0.1666666666666666,0.1666666666666666,0.1666666666666666,0.1666666666666666,0.1666666666666666
162,162.0,0.1666666666666666,0.1666666666666666,0.1666666666666666,0.1666666666666666,0.1666666666666666,0.1666666666666666
163,163.0,0.1666666666666666,0.1666666666666666,0.1666666666666666,0.1666666666666666,0.1666666666666666,0.1666666666666666
164,164.0,0.1666666666666666,0.1666666666666666,0.1666666666666666,0.1666666666666666,0.1666666666666666,0.1666666666666666
165,165.0,0.1666666666666666,0.1666666666666666,0.1666666666666666,0.1666666666666666,0.1666666666666666,0.1666666666666666
166,166.0,0.1666666666666666,0.1666666666666666,0.1666666666666666,0.1666666666666666,0.1666666666666666,0.1666666666666666
167,167.0,0.1666666666666666,0.1666666666666666,0.1666666666666666,0.1666666666666666,0.1666666666666666,0.1666666666666666
168,168.0,0.1666666666666666,0.1666666666666666,0.1666666666666666,0.1666666666666666,0.1666666666666666,0.1666666666666666
169,169.0,0.1666666666666666,0.1666666666666666,0.1666666666666666,0.1666666666666666,0.1666666666666666,0.1666666666666666
170,170.0,0.1666666666666666,0.1666666666666666,0.1666666666666666,0.1666666666666666,0.1666666666666666,0.1666666666666666
171,171.0,0.1666666666666666,0.1666666666666666,0.1666666666666666,0.1666666666666666,0.1666666666666666,0.1666666666666666
172,172.0,0.1666666666666666,0.1666666666666666,0.1666666666666666,0.1666666666666666,0.1666666666666666,0.1666666666666666
173,173.0,0.1666666666666666,0.1666666666666666,0.1666666666666666,0.1666666666666666,0.1666666666666666,0.1666666666666666
174,174.0,0.1666666666666666,0.1666666666666666,0.1666666666666666,0.1666666666666666,0.1666666666666666,0.1666666666666666
175,175.0,0.1666666666666666,0.1666666666666666,0.1666666666666666,0.1666666666666666,0.1666666666666666,0.1666666666666666
176,176.0,0.1666666666666666,0.1666666666666666,0.1666666666666666,0.1666666666666666,0.1666666666666666,0.1666666666666666
177,177.0,0.1666666666666666,0.1666666666666666,0.1666666666666666,0.1666666666666666,0.1666666666666666,0.1666666666666666
178,178.0,0.1666666666666666,0.1666666666666666,0.1666666666666666,0.1666666666666666,0.1666666666666666,0.1666666666666666
179,179.0,0.1666666666666666,0.1666666666666666,0.1666666666666666,0.1666666666666666,0.1666666666666666,0.1666666666666666
180,180.0,0.1666666666666666,0.1666666666666666,0.1666666666666666,0.1666666666666666,0.1666666666666666,0.1666666666666666
181,181.0,0.1666666666666666,0.1666666666666666,0.1666666666666666,0.1666666666666666,0.1666666666666666,0.1666666666666666
182,182.0,0.1666666666666666,0.1666666666666666,0.1666666666666666,0.1666666666666666,0.1666666666666666,0.1666666666666666
183,183.0,0.1666666666666666,0.1666666666666666,0.1666666666666666,0.1666666666666666,0.1666666666666666,0.1666666666666666
184,184.0,0.1666666666666666,0.1666666666666666,0.1666666666666666,0.1666666666666666,0.1666666666666666,0.1666666666666666
185,185.0,0.1666666666666666,0.1666666666666666,0.1666666666666666,0.1666666666666666,0.1666666666666666,0.1666666666666666
186,186.0,0.1666666666666666,0.1666666666666666,0.1666666666666666,0.1666666666666666,0.1666666666666666,0.1666666666666666
187,187.0,0.1666666666666666,0.1666666666666666,0.1666666666666666,0.1666666666666666,0.1666666666666666,0.1666666666666666
188,188.0,0.1666666666666666,0.1666666666666666,0.1666666666666666,0.1666666666666666,0.1666666666666666,0.1666666666666666
189,189.0,0.1666666666666666,0.1666666666666666,0.1666666666666666,0.1666666666666666,0.1666666666666666,0.1666666666666666
190,190.0,0.1666666666666666,0.1666666666666666,0.1666666666666666,0.1666666666666666,0.1666666666666666,0.1666666666666666
191,191.0,0.1666666666666666,0.1666666666666666,0.1666666666666666,0.1666666666666666,0.1666666666666666,0.1666666666666666
192,192.0,0.1666666666666666,0.1666666666666666,0.1666666666666666,0.1666666666666666,0.1666666666666666,0.1666666666666666
193,193.0,0.1666666666666666,0.1666666666666666,0.1666666666666666,0.1666666666666666,0.1666666666666666,0.1666666666666666
194,194.0,0.1666666666666666,0.1666666666666666,0.1666666666666666,0.1666666666666666,0.1666666666666666,0.1666666666666666
195,195.0,0.1666666666666666,0.1666666666666666,0.1666666666666666,0.1666666666666666,0.1666666666666666,0.1666666666666666
196,196.0,0.1666666666666666,0.1666666666666666,0.1666666666666666,0.1666666666666666,0.1666666666666666,0.1666666666666666
197,197.0,0.1666666666666666,0.1666666666666666,0.1666666666666666,0.1666666666666666,0.1666666666666666,0.1666666666666666
198,198.0,0.1666666666666666,0.1666666666666666,0.1666666666666666,0.1666666666666666,0.1666666666666666,0.1666666666666666
199,199.0,0.1666666666666666,0.1666666666666666,0.1666666666666666,0.1666666666666666,0.1666666666666666,0.1666666666666666
200,200.0,0.1659523809523809,0.1659523809523809,0.1688095238095238,0.1659523809523809,0.1673809523809524,0.1659523809523809
201,201.0,0.1650666666666666,0.1663166666666666,0.170752380952381,0.1650666666666666,0.1677309523809524,0.1650666666666666
202,202.0,0.1638787777777777,0.1662273888888889,0.1721604920634921,0.1638787777777777,0.1688646746031746,0.1649898888888888
203,203.0,0.1627165249206349,0.166141511031746,0.1735196792063492,0.1627165249206349,0.1699781238888889,0.164927636031746
204,204.0,0.1615889670206348,0.166059551881746,0.1748212429063493,0.1615889670206348,0.1710621930388889,0.164879078131746
205,205.0,0.1605039101610634,0.1659819391596746,0.1773079298707778,0.1605039101610634,0.170858979375246,0.1648433312721746
206,206.0,0.1594679548064734,0.1659090143499596,0.1797113609035478,0.1594679548064734,0.170624243315961,0.1648194718175846
207,207.0,0.1584865503599126,0.1658410379094625,0.180587255858926,0.1584865503599126,0.1703634844611909,0.1662351210505952
208,208.0,0.1573854843464722,0.1655996233370952,0.1811867522522406,0.1586354843464722,0.1699033412504606,0.1672893144672591
209,209.0,0.1561103526305937,0.1651271476393872,0.1814541140233838,0.1600264240591651,0.1691909725990923,0.1680909890483777
210,210.0,0.1547270273853939,0.163376044860453,0.1827055953025757,0.1610926880996796,0.1682944390233778,0.1698042053285197
211,211.0,0.1534238305847136,0.1615489751259377,0.1833783949594515,0.1619676990915525,0.1670856427837954,0.1725954574545491
212,212.0,0.1519650265395443,0.1609553671256038,0.1837243877088129,0.162612566778868,0.1656543773391174,0.1750882745080535
213,213.0,0.1504164783005009,0.160049239337465,0.1838085085996319,0.164329571100923,0.1640729165500145,0.1773232861114646
214,214.0,0.1489633600550755,0.1591923335896117,0.1838168178945689,0.1660300426367372,0.1636439199556457,0.1783535258683609
215,215.0,0.1472336758593764,0.1589835348307321,0.1848084009618501,0.1671827569337037,0.162879446975497,0.1789121844388407
216,216.0,0.1456116648646737,0.1588244060638033,0.1857285860221396,0.1682952482870231,0.1621599756922337,0.1793801190701266
217,217.0,0.1445006184288662,0.1591046820129631,0.1869636933288096,0.1710662566982633,0.1606496325976658,0.177715116933432
218,218.0,0.1432128133094936,0.158911915293109,0.1889020815429531,0.1743661683680635,0.1589076370103876,0.1756993844759932
219,219.0,0.141631148303451,0.1581658645338677,0.1913143200769626,0.178821251141027,0.1568269190128878,0.1732404969318038
220,220.0,0.1400294696281096,0.1584327097001614,0.1933436562032662,0.1828673606000314,0.154690801604807,0.1706360022636245
221,221.0,0.1384396843260414,0.1586223816366625,0.1946747534680382,0.1877827107596603,0.1525400747901731,0.1679403950194248
222,222.0,0.1368653898018286,0.1596184787247629,0.1956669025625616,0.1922840018260327,0.1503865956666767,0.1651786314181377
223,223.0,0.1350917755939236,0.1603013931494176,0.1968514361202754,0.1961477133778971,0.1480231699274345,0.1635845118310519
224,224.0,0.1333415025977674,0.1608806068177172,0.1985873136493269,0.1996657772179967,0.1455683081652953,0.1619564915518966
225,225.0,0.131701961644369,0.1624198479954117,0.1999258981864419,0.2041586325678092,0.1429664869138957,0.1588271726920728
226,226.0,0.1311839944195059,0.1636750057061864,0.2005998548049999,0.2079368701949811,0.1401583248419331,0.1564459500323938
227,227.0,0.1318335092254594,0.1648287116114005,0.2016871967739611,0.2102505475618829,0.137365373150019,0.1540346616772773
228,228.0,0.1326192540530794,0.1660878116731488,0.202676646694236,0.2121931265233682,0.1346467624968486,0.1517763985593192
229,229.0,0.1350816532138281,0.1674592875199782,0.2038297239213504,0.2115294900099155,0.1322800880223343,0.1498197573125938
230,230.0,0.1374186627608211,0.1686168638826386,0.2038769507993081,0.2104757879715884,0.1307864781635415,0.1488252564221025
231,231.0,0.1387894506689369,0.1699714471095968,0.2039408540707956,0.2094828668466966,0.1296063979375618,0.1482089833664127
232,232.0,0.1401735831876971,0.1712590368730115,0.2039109674807456,0.2083214181721464,0.1286073240526598,0.1477276702337399
233,233.0,0.1419725511975165,0.1728901232882696,0.2033045446387884,0.2065274849472249,0.1274402375226677,0.1478650584055332
234,234.0,0.1436761238934334,0.1743632882502765,0.2023254549136855,0.2045496792016426,0.1271222468410308,0.1479632068999313
235,235.0,0.1452808843339581,0.1756836715088167,0.2018063036765505,0.2024302454990007,0.126765678273786,0.1480332167078882
236,236.0,0.1460806716902302,0.1741962822445862,0.2040569656916351,0.2006383849058756,0.1267945664617775,0.1482331290058958
237,237.0,0.1468501054992322,0.173160255340988,0.2049893832499966,0.1974772879102759,0.1282210980486231,0.1493018699508844
238,238.0,0.1474274560705305,0.1717948552350355,0.205718985914653,0.1941856911426072,0.1305813948937204,0.1502916167434537
239,239.0,0.1479511582221825,0.1703966732480234,0.2063837591483283,0.190934560547753,0.1330084775027932,0.1513253713309198
240,240.0,0.1483102286635251,0.1687607471657058,0.2068724270506726,0.1876412497032694,0.13613806314002,0.1522772842768073
241,241.0,0.1486175398611758,0.1671272106584362,0.2072977134757958,0.1844429097425641,0.1392686056462131,0.1532460206158152
242,242.0,0.1493131943672513,0.1670411560420889,0.2080292537816152,0.1788595443062802,0.1433553647581438,0.1534014867446208
243,243.0,0.1499979354974974,0.1678929629432897,0.2084050683167574,0.1740800893505646,0.1461417305614695,0.1534822133304216
244,244.0,0.1506293466165341,0.1689305713415161,0.2072923194982865,0.1694938195612888,0.1500887920379308,0.1535651509444439
245,245.0,0.1534683513761966,0.1700833583364164,0.2050057530545105,0.1647106124530349,0.153499342338783,0.1532325824410587
246,246.0,0.1558253241743496,0.170947325817422,0.203001092602874,0.1598991843049738,0.1576488794595307,0.1526781936408501
247,247.0,0.1577697397490038,0.1715669224103186,0.2023912258947109,0.1551346778517731,0.1611847077596753,0.1519527263345184
248,248.0,0.1593519227386579,0.1719757487151123,0.2013499617652394,0.150475405465603,0.1657517940866418,0.1510951672287458
249,249.0,0.1602268779587246,0.172960505321689,0.1997308971611647,0.1477751280857255,0.1694148890115548,0.1498917024611414
250,250.0,0.1609952149975985,0.173910569815623,0.1981466391396244,0.1453785853489465,0.1728482152708253,0.1487207754273825
251,251.0,0.16165991230301,0.1737087996521279,0.1966095496225804,0.1432793692183238,0.1760404164684247,0.1487019527355332
252,252.0,0.1623114402953381,0.1736592495187686,0.1951352876597584,0.1414620658545416,0.1790771098586375,0.1483548468129559
253,253.0,0.1628665225478896,0.1735790247456968,0.1937278086108601,0.1399226630205595,0.1818593952042163,0.1480445858707778
254,254.0,0.1632181417010057,0.1732497728223923,0.1921722867527598,0.1385376535806262,0.1851626682339464,0.1476594769092697
255,255.0,0.1626009920350805,0.1744687506404084,0.1890070824076654,0.1374735386960618,0.1898820273499334,0.1465676088708504
256,256.0,0.1616424526633023,0.1758318926309683,0.1856022660319422,0.1362681070650005,0.1944331523083445,0.1462221293004423
257,257.0,0.1604701501588764,0.1777884791842401,0.1821679310194942,0.1350351098909676,0.1989997956127934,0.1455385341336283
258,258.0,0.1592183743363021,0.1801881714069915,0.178842563060309,0.1338932051285722,0.2029990247099175,0.1448586613579076
259,259.0,0.1579083255797379,0.1829538382806352,0.1756492544227697,0.1328469084666273,0.206452000494184,0.1441896727560458
260,260.0,0.1567031310165536,0.1859575001811495,0.1738620427186035,0.1321074978787008,0.2096884590619118,0.1416813691430808
261,261.0,0.1555043571730429,0.1888453209868421,0.1722581903715147,0.1315516788632702,0.2125976875490775,0.1392427650562527
262,262.0,0.1543233497156737,0.1916000065991383,0.1697242888581554,0.1311666504532401,0.2151833166788656,0.1380023876949269
263,263.0,0.1530590309692944,0.1929851014590325,0.1680453487769529,0.1319391838721708,0.2173407389846049,0.1366305959379445
264,264.0,0.1517414661593606,0.194132804602257,0.1661890270218671,0.1327548885120679,0.2191002918347338,0.1360815218697136
265,265.0,0.1504709737221455,0.1951371963508646,0.16451889770511,0.1336831083862538,0.2205659848281302,0.1356238390074959
266,266.0,0.1492555513447492,0.1960025639268309,0.1630330428760163,0.1347033097725579,0.2217525470205335,0.1352529850593123
267,267.0,0.1481018462449638,0.1967341560716604,0.1617278936341105,0.1357960925059053,0.2226760258701188,0.1349639856732411
268,268.0,0.1470152237460261,0.1962269232959074,0.1605984309130931,0.1380543817353693,0.2242625858317631,0.133842454477841
269,269.0,0.1459998418128407,0.1956098204193877,0.1596383806880851,0.1403390439190436,0.2256118713764622,0.1328010417841807
270,270.0,0.1452416823911164,0.1951993817803194,0.1590462234175571,0.1426578591729345,0.2268838052401518,0.1309710479979208
271,271.0,0.1445579478592673,0.1947096066719094,0.1586058522935272,0.1449542864075438,0.2279386839175765,0.1292336228501757
272,272.0,0.1456146997402912,0.1949866598255093,0.1578898257459193,0.1476242668191202,0.225870997473922,0.1280135503952381
273,273.0,0.1475606552074238,0.1949233101056043,0.1571689806936783,0.1500898563969623,0.2234997903968439,0.1267574071994875
274,274.0,0.149628343438292,0.1948951403876531,0.1569396438014263,0.1525627474195742,0.2211859450022734,0.1247881799507811
275,275.0,0.1517030960923953,0.1948170961868216,0.1568276848948142,0.1549356626504347,0.2187832272122692,0.1229332329632651
276,276.0,0.1541920306294407,0.1931235168219776,0.1572510571929156,0.1576234419449818,0.2161816943014174,0.121628259109267
277,277.0,0.1564645538014778,0.191228605888885,0.1588377081379924,0.1600034353896154,0.21319867168234,0.1202670250996893
278,278.0,0.1586525180212236,0.1893043821616363,0.1617689354193883,0.1622155581428173,0.2090569004568123,0.1190017057981223
279,279.0,0.1607674995417096,0.1873980191569194,0.1647309691306575,0.1642794760461986,0.2049636731977344,0.1178603629267806
280,280.0,0.1624464404684508,0.1851775880833219,0.1680085686091603,0.1658401640565011,0.2006058614318459,0.1179213773507201
281,281.0,0.1620347701701689,0.1821264258881939,0.1731348038807908,0.1674731752237666,0.1954832275572125,0.1197475972798675
282,282.0,0.1614660127926953,0.1805070350545572,0.1785575316975027,0.1688752934409726,0.1904438264438014,0.1201503005704709
283,283.0,0.1608297464359057,0.1789748998870668,0.1838519664357117,0.1701237686391347,0.1855979106448063,0.120621707957375
284,284.0,0.1599798403967922,0.1780575338495952,0.1890400713284905,0.1710649351589988,0.1807964531349536,0.1210611661311697
285,285.0,0.1575497950023526,0.1756941252389017,0.1952310770724594,0.172527669558122,0.1775608068645277,0.1214365262636366
286,286.0,0.1548893849595241,0.1733958113123669,0.2011969105091868,0.1736269337363332,0.1752587688932592,0.12163219058933
287,287.0,0.1522446794050024,0.1712175995754267,0.2068825733921723,0.1745845106453699,0.17321003636493,0.1218606006170988
288,288.0,0.1496771046531045,0.1690303730376022,0.2119448986625802,0.1763772154652815,0.1709930993938628,0.121977308787569
289,289.0,0.1471717286342448,0.1669819054443601,0.2166784915658062,0.1780286083567814,0.1690219477940421,0.1221173182047656
290,290.0,0.1447473852353081,0.1650788055771745,0.2210688894095363,0.1795363065837957,0.1672917145443415,0.122276898649844
291,291.0,0.1427376749457518,0.163643027979572,0.2229239680387431,0.1801059518368521,0.1665694196660554,0.1240199575330257
292,292.0,0.1408825097530222,0.162591446320871,0.2244711897915944,0.1805618684996629,0.1657235850026549,0.1257694006321948
293,293.0,0.1391426935662811,0.1631132620869263,0.2257004921983476,0.1808911334225194,0.1636537822777816,0.1274986364481442
294,294.0,0.1373455182182257,0.1646530602347446,0.2264528027409735,0.1809245477016169,0.1616102491819744,0.1290138219224652
295,295.0,0.1355365167752933,0.1658734064494332,0.2267901228972841,0.1807131876553657,0.1607437305912213,0.1303430356314026
296,296.0,0.1339274221788614,0.166835709128825,0.2275858959646651,0.1802975332056522,0.1598479680187022,0.1315054715032943
297,297.0,0.1323125860003376,0.1675238985174046,0.2279401523685902,0.1796893314218492,0.159852717719351,0.1326813139724676
298,298.0,0.1307115072935273,0.1679727860327529,0.2279039803873623,0.1790909566727585,0.1606187803568127,0.1337019892567865
299,299.0,0.1292505600852931,0.1684580825795159,0.2276749268000645,0.1784394756681316,0.161525076434724,0.134651878432271
300,300.0,0.1278662381337573,0.168778986596777,0.2279155959442024,0.1776826112794658,0.1622921093918504,0.1354644586539473
301,301.0,0.1265674693855125,0.1689569700555554,0.2278348506134329,0.1768412177417988,0.163651409935974,0.1361480822677265
302,302.0,0.1254081367571627,0.1691528968254633,0.227613991356906,0.1759816124548581,0.1650851033578988,0.1367582592477112
303,303.0,0.1243858899630019,0.1693630133076887,0.2272692381597627,0.1751142126464403,0.1665714134356254,0.1372962324874809
304,304.0,0.1234972428875528,0.1695837993661775,0.2268164279480361,0.1742484717667775,0.1680902154027966,0.1377638426286595
305,305.0,0.1236504204423971,0.1696135674843059,0.2221835929380002,0.1746230400619494,0.1705357704634943,0.1393936086098531
306,306.0,0.123739708388957,0.1694711217749285,0.2173350639595864,0.1760744266458065,0.1727909477577592,0.1405887314729624
307,307.0,0.1237527456657383,0.1691572509350326,0.2123230385565593,0.1784090072522132,0.1748343761464345,0.1415235814440219
308,308.0,0.1237188523637763,0.1687140615828944,0.2083469231333472,0.1804337674665013,0.176688621633018,0.1420977738204626
309,309.0,0.1237680604739651,0.1682839174632596,0.2044678878462006,0.1824094417257398,0.178479060052853,0.142591632437982
310,310.0,0.1238915677739876,0.167869815494074,0.2018261261454955,0.1843211818828412,0.1801941677284159,0.1418971409751857
311,311.0,0.1239695981607492,0.1673631813688736,0.1989909949562616,0.1869340417242259,0.1817132155462673,0.1410289682436223
312,312.0,0.1238927528775076,0.1684855894586632,0.1963854176489618,0.1895270157927698,0.183168832180144,0.1385403920419535
313,313.0,0.1238691374738763,0.1696163821283097,0.1939447830097298,0.1920084513263253,0.1845274127325749,0.136033833329184
314,314.0,0.123715093687359,0.170386270135988,0.1927484316895796,0.1941861163944843,0.1856065035776088,0.1333575845149803
315,315.0,0.1236530571269619,0.171394231888405,0.1917465491824548,0.19607107652057,0.1864088928881652,0.130726192393443
316,316.0,0.1236320231932527,0.1723821379693203,0.1909054650078818,0.1978161768399532,0.1871118026821621,0.12815239430743
317,317.0,0.1235092130740107,0.1730643371072971,0.1899397323965733,0.1992790634412212,0.1875792629244266,0.1266283910564712
318,318.0,0.1233738944418437,0.1738290561197275,0.1890945374913799,0.200574759806604,0.1879484099609752,0.1251793421794697
319,319.0,0.1228814851871796,0.1750768460454922,0.1894294819339455,0.201338629727638,0.1869327429493734,0.1243408141563713
320,320.0,0.1226018392440356,0.176457960855039,0.1889952802671465,0.2021454379287685,0.1860283025619548,0.1237711791430557
321,321.0,0.1227129053121197,0.1767131140547514,0.1899267605471588,0.2031792510714031,0.1838222962544609,0.1236456727601062
322,322.0,0.1227141840693108,0.1767777470990125,0.1906752619987232,0.2039467130696476,0.1824252740153077,0.1234608197479983
