,Unnamed: 0,Total_iterations,Intertwine_two,Add_vertex,Delete_vertex,Invert_path_vertices,Insert_inside_vertex,Delete_inside_vertex
0,0.0,0.0,0.16666666666666669,0.16666666666666669,0.16666666666666669,0.16666666666666669,0.16666666666666669,0.16666666666666669
1,1.0,0.10900000000000001,0.16666666666666669,0.16666666666666669,0.16666666666666669,0.16666666666666669,0.16666666666666669,0.16666666666666669
2,2.0,0.31601,0.16666666666666669,0.16666666666666669,0.16666666666666669,0.16666666666666669,0.16666666666666669,0.16666666666666669
3,3.0,0.6191589000000001,0.16666666666666669,0.16666666666666669,0.16666666666666669,0.16666666666666669,0.16666666666666669,0.16666666666666669
4,4.0,1.015801321,0.16666666666666669,0.16666666666666669,0.16666666666666669,0.16666666666666669,0.16666666666666669,0.16666666666666669
5,5.0,1.50262148669,0.16666666666666669,0.16666666666666669,0.16666666666666669,0.16666666666666669,0.16666666666666669,0.16666666666666669
6,6.0,2.0757334209441005,0.16666666666666669,0.16666666666666669,0.16666666666666669,0.16666666666666669,0.16666666666666669,0.16666666666666669
7,7.0,2.7307768275633495,0.16666666666666669,0.16666666666666669,0.16666666666666669,0.16666666666666669,0.16666666666666669,0.16666666666666669
8,8.0,3.4630081252450404,0.16666666666666669,0.16666666666666669,0.16666666666666669,0.16666666666666669,0.16666666666666669,0.16666666666666669
9,9.0,4.2673862119061114,0.16666666666666669,0.16666666666666669,0.16666666666666669,0.16666666666666669,0.16666666666666669,0.16666666666666669
10,10.0,5.138652627782014,0.16666666666666669,0.16666666666666669,0.16666666666666669,0.16666666666666669,0.16666666666666669,0.16666666666666669
11,11.0,6.071405875792507,0.16666666666666669,0.16666666666666669,0.16666666666666669,0.16666666666666669,0.16666666666666669,0.16666666666666669
12,12.0,7.060169740244025,0.16666666666666669,0.16666666666666669,0.16666666666666669,0.16666666666666669,0.16666666666666669,0.16666666666666669
13,13.0,8.099455520847952,0.16666666666666669,0.16666666666666669,0.16666666666666669,0.16666666666666669,0.16666666666666669,0.16666666666666669
14,14.0,9.183818168183006,0.16666666666666669,0.16666666666666669,0.16666666666666669,0.16666666666666669,0.16666666666666669,0.16666666666666669
15,15.0,10.307906369102724,0.16666666666666669,0.16666666666666669,0.16666666666666669,0.16666666666666669,0.16666666666666669,0.16666666666666669
16,16.0,11.466506686239443,0.16666666666666669,0.16666666666666669,0.16666666666666669,0.16666666666666669,0.16666666666666669,0.16666666666666669
17,17.0,12.654581904800096,0.16666666666666669,0.16666666666666669,0.16666666666666669,0.16666666666666669,0.16666666666666669,0.16666666666666669
18,18.0,13.867303782456686,0.16666666666666669,0.16666666666666669,0.16666666666666669,0.16666666666666669,0.16666666666666669,0.16666666666666669
19,19.0,15.100080434523047,0.16666666666666669,0.16666666666666669,0.16666666666666669,0.16666666666666669,0.16666666666666669,0.16666666666666669
20,20.0,16.348578617037543,0.16666666666666669,0.16666666666666669,0.16666666666666669,0.16666666666666669,0.16666666666666669,0.16666666666666669
21,21.0,17.608741195130214,0.16666666666666669,0.16666666666666669,0.16666666666666669,0.16666666666666669,0.16666666666666669,0.16666666666666669
22,22.0,18.876800103462312,0.16666666666666669,0.16666666666666669,0.16666666666666669,0.16666666666666669,0.16666666666666669,0.16666666666666669
23,23.0,20.14928511992658,0.16666666666666669,0.16666666666666669,0.16666666666666669,0.16666666666666669,0.16666666666666669,0.16666666666666669
24,24.0,21.423028783545156,0.16666666666666669,0.16666666666666669,0.16666666666666669,0.16666666666666669,0.16666666666666669,0.16666666666666669
25,25.0,22.695167792966423,0.16666666666666669,0.16666666666666669,0.16666666666666669,0.16666666666666669,0.16666666666666669,0.16666666666666669
26,26.0,23.963141223515898,0.16666666666666669,0.16666666666666669,0.16666666666666669,0.16666666666666669,0.16666666666666669,0.16666666666666669
27,27.0,25.224685898775267,0.16666666666666669,0.16666666666666669,0.16666666666666669,0.16666666666666669,0.16666666666666669,0.16666666666666669
28,28.0,26.477829247520948,0.16666666666666669,0.16666666666666669,0.16666666666666669,0.16666666666666669,0.16666666666666669,0.16666666666666669
29,29.0,27.720879968916847,0.16666666666666669,0.16666666666666669,0.16666666666666669,0.16666666666666669,0.16666666666666669,0.16666666666666669
30,30.0,28.95241681848399,0.16666666666666669,0.16666666666666669,0.16666666666666669,0.16666666666666669,0.16666666666666669,0.16666666666666669
31,31.0,30.17127581490958,0.16666666666666669,0.16666666666666669,0.16666666666666669,0.16666666666666669,0.16666666666666669,0.16666666666666669
32,32.0,31.376536153543515,0.16666666666666669,0.16666666666666669,0.16666666666666669,0.16666666666666669,0.16666666666666669,0.16666666666666669
33,33.0,32.567505096778625,0.16666666666666669,0.16666666666666669,0.16666666666666669,0.16666666666666669,0.16666666666666669,0.16666666666666669
34,34.0,33.74370209472243,0.16666666666666669,0.16666666666666669,0.16666666666666669,0.16666666666666669,0.16666666666666669,0.16666666666666669
35,35.0,34.90484237192463,0.16666666666666669,0.16666666666666669,0.16666666666666669,0.16666666666666669,0.16666666666666669,0.16666666666666669
36,36.0,36.05082019768737,0.16666666666666669,0.16666666666666669,0.16666666666666669,0.16666666666666669,0.16666666666666669,0.16666666666666669
37,37.0,37.18169203889697,0.16666666666666669,0.16666666666666669,0.16666666666666669,0.16666666666666669,0.16666666666666669,0.16666666666666669
38,38.0,38.29765977559663,0.16666666666666669,0.16666666666666669,0.16666666666666669,0.16666666666666669,0.16666666666666669,0.16666666666666669
39,39.0,39.399054140870355,0.16666666666666669,0.16666666666666669,0.16666666666666669,0.16666666666666669,0.16666666666666669,0.16666666666666669
40,40.0,40.48631852820801,0.16666666666666669,0.16666666666666669,0.16666666666666669,0.16666666666666669,0.16666666666666669,0.16666666666666669
41,41.0,41.55999329152982,0.16666666666666669,0.16666666666666669,0.16666666666666669,0.16666666666666669,0.16666666666666669,0.16666666666666669
42,42.0,42.62070064560415,0.16666666666666669,0.16666666666666669,0.16666666666666669,0.16666666666666669,0.16666666666666669,0.16666666666666669
43,43.0,43.669130257815,0.16666666666666669,0.16666666666666669,0.16666666666666669,0.16666666666666669,0.16666666666666669,0.16666666666666669
44,44.0,44.70602560622662,0.16666666666666669,0.16666666666666669,0.16666666666666669,0.16666666666666669,0.16666666666666669,0.16666666666666669
45,45.0,45.73217116373481,0.16666666666666669,0.16666666666666669,0.16666666666666669,0.16666666666666669,0.16666666666666669,0.16666666666666669
46,46.0,46.748380453854836,0.16666666666666669,0.16666666666666669,0.16666666666666669,0.16666666666666669,0.16666666666666669,0.16666666666666669
47,47.0,47.755485010424316,0.16666666666666669,0.16666666666666669,0.16666666666666669,0.16666666666666669,0.16666666666666669,0.16666666666666669
48,48.0,48.7543242612326,0.16666666666666669,0.16666666666666669,0.16666666666666669,0.16666666666666669,0.16666666666666669,0.16666666666666669
49,49.0,49.745736344347726,0.16666666666666669,0.16666666666666669,0.16666666666666669,0.16666666666666669,0.16666666666666669,0.16666666666666669
50,50.0,50.730549855707864,0.16666666666666669,0.16666666666666669,0.16666666666666669,0.16666666666666669,0.16666666666666669,0.16666666666666669
51,51.0,51.70957651737491,0.16666666666666669,0.16666666666666669,0.16666666666666669,0.16666666666666669,0.16666666666666669,0.16666666666666669
52,52.0,52.68360474770151,0.16666666666666669,0.16666666666666669,0.16666666666666669,0.16666666666666669,0.16666666666666669,0.16666666666666669
53,53.0,53.65339410751842,0.16666666666666669,0.16666666666666669,0.16666666666666669,0.16666666666666669,0.16666666666666669,0.16666666666666669
54,54.0,54.61967059027847,0.16666666666666669,0.16666666666666669,0.16666666666666669,0.16666666666666669,0.16666666666666669,0.16666666666666669
55,55.0,55.58312271885972,0.16666666666666669,0.16666666666666669,0.16666666666666669,0.16666666666666669,0.16666666666666669,0.16666666666666669
56,56.0,56.544398407394254,0.16666666666666669,0.16666666666666669,0.16666666666666669,0.16666666666666669,0.16666666666666669,0.16666666666666669
57,57.0,57.504102543001395,0.16666666666666669,0.16666666666666669,0.16666666666666669,0.16666666666666669,0.16666666666666669,0.16666666666666669
58,58.0,58.462795239617805,0.16666666666666669,0.16666666666666669,0.16666666666666669,0.16666666666666669,0.16666666666666669,0.16666666666666669
59,59.0,59.42099071417639,0.16666666666666669,0.16666666666666669,0.16666666666666669,0.16666666666666669,0.16666666666666669,0.16666666666666669
60,60.0,60.379156734137354,0.16666666666666669,0.16666666666666669,0.16666666666666669,0.16666666666666669,0.16666666666666669,0.16666666666666669
61,61.0,61.337714584760846,0.16666666666666669,0.16666666666666669,0.16666666666666669,0.16666666666666669,0.16666666666666669,0.16666666666666669
62,62.0,62.29703950447439,0.16666666666666669,0.16666666666666669,0.16666666666666669,0.16666666666666669,0.16666666666666669,0.16666666666666669
63,63.0,63.257461537171835,0.16666666666666669,0.16666666666666669,0.16666666666666669,0.16666666666666669,0.16666666666666669,0.16666666666666669
64,64.0,64.21926675122782,0.16666666666666669,0.16666666666666669,0.16666666666666669,0.16666666666666669,0.16666666666666669,0.16666666666666669
65,65.0,65.18269877636592,0.16666666666666669,0.16666666666666669,0.16666666666666669,0.16666666666666669,0.16666666666666669,0.16666666666666669
66,66.0,66.14796061122655,0.16666666666666669,0.16666666666666669,0.16666666666666669,0.16666666666666669,0.16666666666666669,0.16666666666666669
67,67.0,67.11521665648885,0.16666666666666669,0.16666666666666669,0.16666666666666669,0.16666666666666669,0.16666666666666669,0.16666666666666669
68,68.0,68.08459493066005,0.16666666666666669,0.16666666666666669,0.16666666666666669,0.16666666666666669,0.16666666666666669,0.16666666666666669
69,69.0,69.05618942810752,0.16666666666666669,0.16666666666666669,0.16666666666666669,0.16666666666666669,0.16666666666666669,0.16666666666666669
70,70.0,70.03006258152917,0.16666666666666669,0.16666666666666669,0.16666666666666669,0.16666666666666669,0.16666666666666669,0.16666666666666669
71,71.0,71.00624779379335,0.16666666666666669,0.16666666666666669,0.16666666666666669,0.16666666666666669,0.16666666666666669,0.16666666666666669
72,72.0,71.98475200689319,0.16666666666666669,0.16666666666666669,0.16666666666666669,0.16666666666666669,0.16666666666666669,0.16666666666666669
73,73.0,72.96555827861411,0.16666666666666669,0.16666666666666669,0.16666666666666669,0.16666666666666669,0.16666666666666669,0.16666666666666669
74,74.0,73.94862834037681,0.16666666666666669,0.16666666666666669,0.16666666666666669,0.16666666666666669,0.16666666666666669,0.16666666666666669
75,75.0,74.93390511255946,0.16666666666666669,0.16666666666666669,0.16666666666666669,0.16666666666666669,0.16666666666666669,0.16666666666666669
76,76.0,75.92131515639825,0.16666666666666669,0.16666666666666669,0.16666666666666669,0.16666666666666669,0.16666666666666669,0.16666666666666669
77,77.0,76.91077104428919,0.16666666666666669,0.16666666666666669,0.16666666666666669,0.16666666666666669,0.16666666666666669,0.16666666666666669
78,78.0,77.90217363294813,0.16666666666666669,0.16666666666666669,0.16666666666666669,0.16666666666666669,0.16666666666666669,0.16666666666666669
79,79.0,78.89541422641172,0.16666666666666669,0.16666666666666669,0.16666666666666669,0.16666666666666669,0.16666666666666669,0.16666666666666669
80,80.0,79.89037661826481,0.16666666666666669,0.16666666666666669,0.16666666666666669,0.16666666666666669,0.16666666666666669,0.16666666666666669
81,81.0,80.88693900474995,0.16666666666666669,0.16666666666666669,0.16666666666666669,0.16666666666666669,0.16666666666666669,0.16666666666666669
82,82.0,81.88497576253909,0.16666666666666669,0.16666666666666669,0.16666666666666669,0.16666666666666669,0.16666666666666669,0.16666666666666669
83,83.0,82.88435908692391,0.16666666666666669,0.16666666666666669,0.16666666666666669,0.16666666666666669,0.16666666666666669,0.16666666666666669
84,84.0,83.88496048800103,0.16666666666666669,0.16666666666666669,0.16666666666666669,0.16666666666666669,0.16666666666666669,0.16666666666666669
85,85.0,84.88665214409042,0.16666666666666669,0.16666666666666669,0.16666666666666669,0.16666666666666669,0.16666666666666669,0.16666666666666669
86,86.0,85.88930811312994,0.16666666666666669,0.16666666666666669,0.16666666666666669,0.16666666666666669,0.16666666666666669,0.16666666666666669
87,87.0,86.89280540413424,0.16666666666666669,0.16666666666666669,0.16666666666666669,0.16666666666666669,0.16666666666666669,0.16666666666666669
88,88.0,87.89702491199675,0.16666666666666669,0.16666666666666669,0.16666666666666669,0.16666666666666669,0.16666666666666669,0.16666666666666669
89,89.0,88.90185221995306,0.16666666666666669,0.16666666666666669,0.16666666666666669,0.16666666666666669,0.16666666666666669,0.16666666666666669
90,90.0,89.90717827491419,0.16666666666666669,0.16666666666666669,0.16666666666666669,0.16666666666666669,0.16666666666666669,0.16666666666666669
91,91.0,90.91289994163006,0.16666666666666669,0.16666666666666669,0.16666666666666669,0.16666666666666669,0.16666666666666669,0.16666666666666669
92,92.0,91.91892044225806,0.16666666666666669,0.16666666666666669,0.16666666666666669,0.16666666666666669,0.16666666666666669,0.16666666666666669
93,93.0,92.92514968840067,0.16666666666666669,0.16666666666666669,0.16666666666666669,0.16666666666666669,0.16666666666666669,0.16666666666666669
94,94.0,93.93150451304501,0.16666666666666669,0.16666666666666669,0.16666666666666669,0.16666666666666669,0.16666666666666669,0.16666666666666669
95,95.0,94.93790881009448,0.16666666666666669,0.16666666666666669,0.16666666666666669,0.16666666666666669,0.16666666666666669,0.16666666666666669
96,96.0,95.94429358933806,0.16666666666666669,0.16666666666666669,0.16666666666666669,0.16666666666666669,0.16666666666666669,0.16666666666666669
97,97.0,96.9505969547639,0.16666666666666669,0.16666666666666669,0.16666666666666669,0.16666666666666669,0.16666666666666669,0.16666666666666669
98,98.0,97.9567640140995,0.16666666666666669,0.16666666666666669,0.16666666666666669,0.16666666666666669,0.16666666666666669,0.16666666666666669
99,99.0,98.96274672736057,0.16666666666666669,0.16666666666666669,0.16666666666666669,0.16666666666666669,0.16666666666666669,0.16666666666666669
100,100.0,99.96850370202192,0.16666666666666669,0.16666666666666669,0.16666666666666669,0.16666666666666669,0.16666666666666669,0.16666666666666669
101,101.0,100.97399994219691,0.16666666666666669,0.16666666666666669,0.16666666666666669,0.16666666666666669,0.16666666666666669,0.16666666666666669
102,102.0,101.97920655893245,0.16666666666666669,0.16666666666666669,0.16666666666666669,0.16666666666666669,0.16666666666666669,0.16666666666666669
103,103.0,102.98410044840509,0.16666666666666669,0.16666666666666669,0.16666666666666669,0.16666666666666669,0.16666666666666669,0.16666666666666669
104,104.0,103.98866394444643,0.16666666666666669,0.16666666666666669,0.16666666666666669,0.16666666666666669,0.16666666666666669,0.16666666666666669
105,105.0,104.99288445143917,0.16666666666666669,0.16666666666666669,0.16666666666666669,0.16666666666666669,0.16666666666666669,0.16666666666666669
106,106.0,105.99675406321822,0.16666666666666669,0.16666666666666669,0.16666666666666669,0.16666666666666669,0.16666666666666669,0.16666666666666669
107,107.0,107.0002691731872,0.16666666666666669,0.16666666666666669,0.16666666666666669,0.16666666666666669,0.16666666666666669,0.16666666666666669
108,108.0,108.0034300804274,0.16666666666666669,0.16666666666666669,0.16666666666666669,0.16666666666666669,0.16666666666666669,0.16666666666666669
109,109.0,109.00624059613932,0.16666666666666669,0.16666666666666669,0.16666666666666669,0.16666666666666669,0.16666666666666669,0.16666666666666669
110,110.0,110.00870765431864,0.16666666666666669,0.16666666666666669,0.16666666666666669,0.16666666666666669,0.16666666666666669,0.16666666666666669
111,111.0,111.01084093013685,0.16666666666666669,0.16666666666666669,0.16666666666666669,0.16666666666666669,0.16666666666666669,0.16666666666666669
112,112.0,112.01265246907188,0.16666666666666669,0.16666666666666669,0.16666666666666669,0.16666666666666669,0.16666666666666669,0.16666666666666669
113,113.0,113.01415632942268,0.16666666666666669,0.16666666666666669,0.16666666666666669,0.16666666666666669,0.16666666666666669,0.16666666666666669
114,114.0,114.01536824044418,0.16666666666666669,0.16666666666666669,0.16666666666666669,0.16666666666666669,0.16666666666666669,0.16666666666666669
115,115.0,115.01630527795908,0.16666666666666669,0.16666666666666669,0.16666666666666669,0.16666666666666669,0.16666666666666669,0.16666666666666669
116,116.0,116.0169855589429,0.16666666666666669,0.16666666666666669,0.16666666666666669,0.16666666666666669,0.16666666666666669,0.16666666666666669
117,117.0,117.01742795623892,0.16666666666666669,0.16666666666666669,0.16666666666666669,0.16666666666666669,0.16666666666666669,0.16666666666666669
118,118.0,118.01765183424293,0.16666666666666669,0.16666666666666669,0.16666666666666669,0.16666666666666669,0.16666666666666669,0.16666666666666669
119,119.0,119.01767680610413,0.16666666666666669,0.16666666666666669,0.16666666666666669,0.16666666666666669,0.16666666666666669,0.16666666666666669
120,120.0,120.01752251271817,0.16666666666666669,0.16666666666666669,0.16666666666666669,0.16666666666666669,0.16666666666666669,0.16666666666666669
121,121.0,121.01720842354362,0.16666666666666669,0.16666666666666669,0.16666666666666669,0.16666666666666669,0.16666666666666669,0.16666666666666669
122,122.0,122.01675365905109,0.16666666666666669,0.16666666666666669,0.16666666666666669,0.16666666666666669,0.16666666666666669,0.16666666666666669
123,123.0,123.0161768344173,0.16666666666666669,0.16666666666666669,0.16666666666666669,0.16666666666666669,0.16666666666666669,0.16666666666666669
124,124.0,124.01549592390272,0.16666666666666669,0.16666666666666669,0.16666666666666669,0.16666666666666669,0.16666666666666669,0.16666666666666669
125,125.0,125.01472814520056,0.16666666666666669,0.16666666666666669,0.16666666666666669,0.16666666666666669,0.16666666666666669,0.16666666666666669
126,126.0,126.01388986291661,0.16666666666666669,0.16666666666666669,0.16666666666666669,0.16666666666666669,0.16666666666666669,0.16666666666666669
127,127.0,127.0129965102319,0.16666666666666669,0.16666666666666669,0.16666666666666669,0.16666666666666669,0.16666666666666669,0.16666666666666669
128,128.0,128.01206252771334,0.16666666666666669,0.16666666666666669,0.16666666666666669,0.16666666666666669,0.16666666666666669,0.16666666666666669
129,129.0,129.0111013181695,0.16666666666666669,0.16666666666666669,0.16666666666666669,0.16666666666666669,0.16666666666666669,0.16666666666666669
130,130.0,130.01012521639834,0.16666666666666669,0.16666666666666669,0.16666666666666669,0.16666666666666669,0.16666666666666669,0.16666666666666669
131,131.0,131.0091454726403,0.16666666666666669,0.16666666666666669,0.16666666666666669,0.16666666666666669,0.16666666666666669,0.16666666666666669
132,132.0,132.0081722485317,0.16666666666666669,0.16666666666666669,0.16666666666666669,0.16666666666666669,0.16666666666666669,0.16666666666666669
133,133.0,133.00721462434865,0.16666666666666669,0.16666666666666669,0.16666666666666669,0.16666666666666669,0.16666666666666669,0.16666666666666669
134,134.0,134.0062806163404,0.16666666666666669,0.16666666666666669,0.16666666666666669,0.16666666666666669,0.16666666666666669,0.16666666666666669
135,135.0,135.00537720296956,0.16666666666666669,0.16666666666666669,0.16666666666666669,0.16666666666666669,0.16666666666666669,0.16666666666666669
136,136.0,136.00451035890612,0.16666666666666669,0.16666666666666669,0.16666666666666669,0.16666666666666669,0.16666666666666669,0.16666666666666669
137,137.0,137.00368509565993,0.16666666666666669,0.16666666666666669,0.16666666666666669,0.16666666666666669,0.16666666666666669,0.16666666666666669
138,138.0,138.0029055077818,0.16666666666666669,0.16666666666666669,0.16666666666666669,0.16666666666666669,0.16666666666666669,0.16666666666666669
139,139.0,139.00217482361367,0.16666666666666669,0.16666666666666669,0.16666666666666669,0.16666666666666669,0.16666666666666669,0.16666666666666669
140,140.0,140.0014954596262,0.16666666666666669,0.16666666666666669,0.16666666666666669,0.16666666666666669,0.16666666666666669,0.16666666666666669
141,141.0,141.00086907744122,0.16666666666666669,0.16666666666666669,0.16666666666666669,0.16666666666666669,0.16666666666666669,0.16666666666666669
142,142.0,142.0002966427003,0.16666666666666669,0.16666666666666669,0.16666666666666669,0.16666666666666669,0.16666666666666669,0.16666666666666669
143,143.0,142.99977848500652,0.16666666666666669,0.16666666666666669,0.16666666666666669,0.16666666666666669,0.16666666666666669,0.16666666666666669
144,144.0,143.99931435823203,0.16666666666666669,0.16666666666666669,0.16666666666666669,0.16666666666666669,0.16666666666666669,0.16666666666666669
145,145.0,144.99890350055264,0.16666666666666669,0.16666666666666669,0.16666666666666669,0.16666666666666669,0.16666666666666669,0.16666666666666669
146,146.0,145.9985446936357,0.16666666666666669,0.16666666666666669,0.16666666666666669,0.16666666666666669,0.16666666666666669,0.16666666666666669
147,147.0,146.99823632047406,0.16666666666666669,0.16666666666666669,0.16666666666666669,0.16666666666666669,0.16666666666666669,0.16666666666666669
148,148.0,147.99797642142389,0.16666666666666669,0.16666666666666669,0.16666666666666669,0.16666666666666669,0.16666666666666669,0.16666666666666669
149,149.0,148.99776274806447,0.16666666666666669,0.16666666666666669,0.16666666666666669,0.16666666666666669,0.16666666666666669,0.16666666666666669
150,150.0,149.99759281456036,0.16666666666666669,0.16666666666666669,0.16666666666666669,0.16666666666666669,0.16666666666666669,0.16666666666666669
151,151.0,150.99746394626104,0.16666666666666669,0.16666666666666669,0.16666666666666669,0.16666666666666669,0.16666666666666669,0.16666666666666669
152,152.0,151.99737332532905,0.16666666666666669,0.16666666666666669,0.16666666666666669,0.16666666666666669,0.16666666666666669,0.16666666666666669
153,153.0,152.99731803323698,0.16666666666666669,0.16666666666666669,0.16666666666666669,0.16666666666666669,0.16666666666666669,0.16666666666666669
154,154.0,153.99729509002177,0.16666666666666669,0.16666666666666669,0.16666666666666669,0.16666666666666669,0.16666666666666669,0.16666666666666669
155,155.0,154.99730149022784,0.16666666666666669,0.16666666666666669,0.16666666666666669,0.16666666666666669,0.16666666666666669,0.16666666666666669
156,156.0,155.99733423551103,0.16666666666666669,0.16666666666666669,0.16666666666666669,0.16666666666666669,0.16666666666666669,0.16666666666666669
157,157.0,156.99739036391077,0.16666666666666669,0.16666666666666669,0.16666666666666669,0.16666666666666669,0.16666666666666669,0.16666666666666669
158,158.0,157.99746697583146,0.16666666666666669,0.16666666666666669,0.16666666666666669,0.16666666666666669,0.16666666666666669,0.16666666666666669
159,159.0,158.99756125680176,0.16666666666666669,0.16666666666666669,0.16666666666666669,0.16666666666666669,0.16666666666666669,0.16666666666666669
160,160.0,159.997670497107,0.16666666666666669,0.16666666666666669,0.16666666666666669,0.16666666666666669,0.16666666666666669,0.16666666666666669
161,161.0,160.99779210841066,0.16666666666666669,0.16666666666666669,0.16666666666666669,0.16666666666666669,0.16666666666666669,0.16666666666666669
162,162.0,161.99792363749984,0.16666666666666669,0.16666666666666669,0.16666666666666669,0.16666666666666669,0.16666666666666669,0.16666666666666669
163,163.0,162.9980627773051,0.16666666666666669,0.16666666666666669,0.16666666666666669,0.16666666666666669,0.16666666666666669,0.16666666666666669
164,164.0,163.9982073753568,0.16666666666666669,0.16666666666666669,0.16666666666666669,0.16666666666666669,0.16666666666666669,0.16666666666666669
165,165.0,164.99835543984977,0.16666666666666669,0.16666666666666669,0.16666666666666669,0.16666666666666669,0.16666666666666669,0.16666666666666669
166,166.0,165.99850514349492,0.16666666666666669,0.16666666666666669,0.16666666666666669,0.16666666666666669,0.16666666666666669,0.16666666666666669
167,167.0,166.99865482534062,0.16666666666666669,0.16666666666666669,0.16666666666666669,0.16666666666666669,0.16666666666666669,0.16666666666666669
168,168.0,167.99880299074837,0.16666666666666669,0.16666666666666669,0.16666666666666669,0.16666666666666669,0.16666666666666669,0.16666666666666669
169,169.0,168.99894830970783,0.16666666666666669,0.16666666666666669,0.16666666666666669,0.16666666666666669,0.16666666666666669,0.16666666666666669
170,170.0,169.99908961367427,0.16666666666666669,0.16666666666666669,0.16666666666666669,0.16666666666666669,0.16666666666666669,0.16666666666666669
171,171.0,170.99922589110733,0.16666666666666669,0.16666666666666669,0.16666666666666669,0.16666666666666669,0.16666666666666669,0.16666666666666669
172,172.0,171.99935628188598,0.16666666666666669,0.16666666666666669,0.16666666666666669,0.16666666666666669,0.16666666666666669,0.16666666666666669
173,173.0,172.99948007076793,0.16666666666666669,0.16666666666666669,0.16666666666666669,0.16666666666666669,0.16666666666666669,0.16666666666666669
174,174.0,173.99959668005403,0.16666666666666669,0.16666666666666669,0.16666666666666669,0.16666666666666669,0.16666666666666669,0.16666666666666669
175,175.0,174.99970566161096,0.16666666666666669,0.16666666666666669,0.16666666666666669,0.16666666666666669,0.16666666666666669,0.16666666666666669
176,176.0,175.9998066883961,0.16666666666666669,0.16666666666666669,0.16666666666666669,0.16666666666666669,0.16666666666666669,0.16666666666666669
177,177.0,176.99989954561875,0.16666666666666669,0.16666666666666669,0.16666666666666669,0.16666666666666669,0.16666666666666669,0.16666666666666669
178,178.0,177.99998412166295,0.16666666666666669,0.16666666666666669,0.16666666666666669,0.16666666666666669,0.16666666666666669,0.16666666666666669
179,179.0,179.00006039888612,0.16666666666666669,0.16666666666666669,0.16666666666666669,0.16666666666666669,0.16666666666666669,0.16666666666666669
180,180.0,180.0001284443981,0.16666666666666669,0.16666666666666669,0.16666666666666669,0.16666666666666669,0.16666666666666669,0.16666666666666669
181,181.0,181.00018840091488,0.16666666666666669,0.16666666666666669,0.16666666666666669,0.16666666666666669,0.16666666666666669,0.16666666666666669
182,182.0,182.00024047777083,0.16666666666666669,0.16666666666666669,0.16666666666666669,0.16666666666666669,0.16666666666666669,0.16666666666666669
183,183.0,183.0002849421635,0.16666666666666669,0.16666666666666669,0.16666666666666669,0.16666666666666669,0.16666666666666669,0.16666666666666669
184,184.0,184.00032211069524,0.16666666666666669,0.16666666666666669,0.16666666666666669,0.16666666666666669,0.16666666666666669,0.16666666666666669
185,185.0,185.00035234126688,0.16666666666666669,0.16666666666666669,0.16666666666666669,0.16666666666666669,0.16666666666666669,0.16666666666666669
186,186.0,186.00037602536867,0.16666666666666669,0.16666666666666669,0.16666666666666669,0.16666666666666669,0.16666666666666669,0.16666666666666669
187,187.0,187.0003935808066,0.16666666666666669,0.16666666666666669,0.16666666666666669,0.16666666666666669,0.16666666666666669,0.16666666666666669
188,188.0,188.00040544489266,0.16666666666666669,0.16666666666666669,0.16666666666666669,0.16666666666666669,0.16666666666666669,0.16666666666666669
189,189.0,189.0004120681212,0.16666666666666669,0.16666666666666669,0.16666666666666669,0.16666666666666669,0.16666666666666669,0.16666666666666669
190,190.0,190.00041390834568,0.16666666666666669,0.16666666666666669,0.16666666666666669,0.16666666666666669,0.16666666666666669,0.16666666666666669
191,191.0,191.00041142546425,0.16666666666666669,0.16666666666666669,0.16666666666666669,0.16666666666666669,0.16666666666666669,0.16666666666666669
192,192.0,192.00040507661635,0.16666666666666669,0.16666666666666669,0.16666666666666669,0.16666666666666669,0.16666666666666669,0.16666666666666669
193,193.0,193.00039531188708,0.16666666666666669,0.16666666666666669,0.16666666666666669,0.16666666666666669,0.16666666666666669,0.16666666666666669
194,194.0,194.00038257051185,0.16666666666666669,0.16666666666666669,0.16666666666666669,0.16666666666666669,0.16666666666666669,0.16666666666666669
195,195.0,195.00036727756904,0.16666666666666669,0.16666666666666669,0.16666666666666669,0.16666666666666669,0.16666666666666669,0.16666666666666669
196,196.0,196.0003498411448,0.16666666666666669,0.16666666666666669,0.16666666666666669,0.16666666666666669,0.16666666666666669,0.16666666666666669
197,197.0,197.00033064995154,0.16666666666666669,0.16666666666666669,0.16666666666666669,0.16666666666666669,0.16666666666666669,0.16666666666666669
198,198.0,198.0003100713781,0.16666666666666669,0.16666666666666669,0.16666666666666669,0.16666666666666669,0.16666666666666669,0.16666666666666669
199,199.0,199.00028844994821,0.16666666666666669,0.16666666666666669,0.16666666666666669,0.16666666666666669,0.16666666666666669,0.16666666666666669
200,200.0,200.00026610616183,0.16595238095238096,0.16595238095238096,0.16880952380952383,0.16595238095238096,0.1673809523809524,0.16595238095238096
201,201.0,201.00024333569246,0.16506666666666667,0.16631666666666667,0.170752380952381,0.16506666666666667,0.16773095238095242,0.16506666666666667
202,202.0,202.0002204089131,0.16387877777777776,0.1662273888888889,0.17216049206349213,0.16387877777777776,0.16886467460317464,0.16498988888888888
203,203.0,203.00019757072255,0.1627165249206349,0.16614151103174607,0.17351967920634928,0.1627165249206349,0.16997812388888892,0.16492763603174604
204,204.0,204.00017504064385,0.16158896702063488,0.16605955188174606,0.1748212429063493,0.16158896702063488,0.17106219303888892,0.16487907813174604
205,205.0,205.0001530131666,0.16050391016106344,0.16598193915967463,0.17730792987077787,0.16050391016106344,0.17085897937524608,0.16484333127217463
206,206.0,206.00013165830538,0.1594679548064734,0.1659090143499596,0.17971136090354786,0.1594679548064734,0.17062424331596107,0.16481947181758463
207,207.0,207.00011112234722,0.1584865503599126,0.16584103790946256,0.18058725585892602,0.1584865503599126,0.17036348446119098,0.16623512105059524
208,208.0,208.00009152876143,0.15738548434647226,0.1655996233370952,0.1811867522522406,0.15863548434647226,0.1699033412504606,0.16728931446725917
209,209.0,209.0000729792466,0.15611035263059375,0.16512714763938724,0.18145411402338388,0.16002642405916517,0.16919097259909233,0.16809098904837774
210,210.0,210.00005555489076,0.15472702738539398,0.16337604486045304,0.18270559530257577,0.16109268809967967,0.16829443902337787,0.16980420532851975
211,211.0,211.00003931742162,0.15342383058471365,0.16154897512593774,0.18337839495945155,0.16196769909155256,0.1670856427837954,0.17259545745454913
212,212.0,212.0000243105252,0.15196502653954433,0.1609553671256038,0.1837243877088129,0.16261256677886804,0.16565437733911742,0.17508827450805353
213,213.0,213.00001056121314,0.15041647830050092,0.160049239337465,0.1838085085996319,0.164329571100923,0.16407291655001457,0.17732328611146467
214,214.0,213.99999808122018,0.14896336005507552,0.15919233358961177,0.18381681789456894,0.16603004263673726,0.1636439199556457,0.17835352586836092
215,215.0,214.9999868684143,0.14723367585937644,0.15898353483073216,0.1848084009618501,0.1671827569337037,0.16287944697549703,0.17891218443884072
216,216.0,215.99997690820487,0.14561166486467375,0.15882440606380335,0.1857285860221396,0.16829524828702314,0.16215997569223373,0.17938011907012663
217,217.0,216.99996817493434,0.14450061842886622,0.15910468201296316,0.18696369332880963,0.17106625669826334,0.16064963259766588,0.17771511693343206
218,218.0,217.9999606332415,0.14321281330949362,0.15891191529310908,0.1889020815429531,0.17436616836806354,0.15890763701038768,0.17569938447599323
219,219.0,218.99995423938554,0.14163114830345108,0.15816586453386777,0.19131432007696264,0.17882125114102707,0.1568269190128878,0.17324049693180388
220,220.0,219.9999489425213,0.1400294696281096,0.15843270970016143,0.19334365620326627,0.18286736060003142,0.15469080160480705,0.17063600226362452
221,221.0,220.99994468591828,0.1384396843260414,0.1586223816366625,0.1946747534680382,0.1877827107596603,0.15254007479017317,0.16794039501942484
222,222.0,221.9999414081164,0.13686538980182866,0.15961847872476298,0.1956669025625616,0.1922840018260327,0.1503865956666767,0.16517863141813774
223,223.0,222.99993904401353,0.13509177559392366,0.1603013931494176,0.19685143612027547,0.19614771337789716,0.14802316992743456,0.16358451183105194
224,224.0,223.99993752588082,0.13334150259776748,0.1608806068177172,0.1985873136493269,0.19966577721799678,0.14556830816529534,0.16195649155189668
225,225.0,224.99993678430258,0.131701961644369,0.1624198479954117,0.19992589818644196,0.2041586325678092,0.14296648691389574,0.15882717269207286
226,226.0,225.99993674903914,0.13118399441950596,0.16367500570618643,0.20059985480499998,0.2079368701949811,0.14015832484193316,0.1564459500323938
227,227.0,226.99993734981166,0.1318335092254594,0.16482871161140059,0.20168719677396119,0.21025054756188294,0.13736537315001904,0.1540346616772773
228,228.0,227.9999385170088,0.13261925405307948,0.16608781167314884,0.20267664669423607,0.2121931265233682,0.13464676249684868,0.1517763985593192
229,229.0,228.99994018231612,0.13508165321382815,0.1674592875199782,0.20382972392135046,0.21152949000991556,0.13228008802233432,0.14981975731259384
230,230.0,229.99994227926956,0.13741866276082118,0.1686168638826386,0.20387695079930818,0.2104757879715884,0.13078647816354158,0.14882525642210254
231,231.0,230.99994474373494,0.1387894506689369,0.1699714471095968,0.2039408540707956,0.20948286684669665,0.12960639793756182,0.14820898336641275
232,232.0,231.9999475143165,0.14017358318769715,0.17125903687301153,0.20391096748074566,0.20832141817214644,0.12860732405265982,0.1477276702337399
233,233.0,232.9999505326967,0.14197255119751656,0.1728901232882696,0.2033045446387884,0.2065274849472249,0.12744023752266773,0.14786505840553327
234,234.0,233.9999537439119,0.14367612389343346,0.17436328825027658,0.20232545491368556,0.2045496792016426,0.12712224684103085,0.14796320689993137
235,235.0,234.99995709656648,0.14528088433395814,0.17568367150881675,0.20180630367655059,0.20243024549900074,0.126765678273786,0.14803321670788822
236,236.0,235.99996054298992,0.1460806716902302,0.17419628224458622,0.20405696569163512,0.2006383849058756,0.12679456646177753,0.1482331290058958
237,237.0,236.99996403934114,0.14685010549923225,0.17316025534098808,0.2049893832499966,0.19747728791027594,0.1282210980486231,0.14930186995088449
238,238.0,237.99996754566382,0.14742745607053057,0.17179485523503552,0.205718985914653,0.19418569114260723,0.1305813948937204,0.15029161674345376
239,239.0,238.9999710258976,0.14795115822218252,0.17039667324802346,0.2063837591483283,0.19093456054775304,0.13300847750279327,0.15132537133091986
240,240.0,239.999974447849,0.1483102286635251,0.1687607471657058,0.20687242705067266,0.18764124970326942,0.13613806314002008,0.15227728427680734
241,241.0,240.99997778312678,0.14861753986117587,0.16712721065843622,0.20729771347579581,0.1844429097425641,0.13926860564621318,0.1532460206158152
242,242.0,241.9999810070455,0.14931319436725135,0.1670411560420889,0.20802925378161527,0.1788595443062802,0.1433553647581438,0.1534014867446208
243,243.0,242.99998409850193,0.14999793549749746,0.16789296294328976,0.2084050683167574,0.17408008935056463,0.14614173056146953,0.1534822133304216
244,244.0,243.9999870398277,0.1506293466165341,0.1689305713415161,0.20729231949828653,0.16949381956128884,0.15008879203793088,0.15356515094444395
245,245.0,244.9999898166226,0.15346835137619663,0.17008335833641647,0.20500575305451058,0.16471061245303498,0.153499342338783,0.15323258244105878
246,246.0,245.99999241757178,0.15582532417434966,0.17094732581742206,0.203001092602874,0.15989918430497385,0.1576488794595307,0.15267819364085017
247,247.0,246.99999483425034,0.15776973974900382,0.17156692241031862,0.20239122589471098,0.15513467785177315,0.16118470775967536,0.15195272633451848
248,248.0,247.99999706091853,0.15935192273865792,0.17197574871511231,0.20134996176523942,0.15047540546560303,0.1657517940866418,0.15109516722874586
249,249.0,248.9999990943107,0.16022687795872467,0.17296050532168908,0.19973089716116477,0.14777512808572552,0.16941488901155485,0.14989170246114142
250,250.0,250.00000093342055,0.16099521499759856,0.173910569815623,0.19814663913962444,0.1453785853489465,0.1728482152708253,0.1487207754273825
251,251.0,251.00000257928522,0.16165991230301005,0.17370879965212793,0.1966095496225804,0.14327936921832388,0.1760404164684247,0.14870195273553327
252,252.0,252.0000040347706,0.1623114402953381,0.1736592495187686,0.19513528765975846,0.14146206585454163,0.17907710985863756,0.1483548468129559
253,253.0,253.00000530435972,0.16286652254788966,0.1735790247456968,0.19372780861086014,0.1399226630205595,0.18185939520421635,0.14804458587077782
254,254.0,254.00000639394634,0.16321814170100576,0.17324977282239232,0.19217228675275982,0.1385376535806262,0.1851626682339464,0.14765947690926973
255,255.0,255.00000731063483,0.16260099203508058,0.17446875064040843,0.18900708240766542,0.13747353869606188,0.18988202734993345,0.14656760887085044
256,256.0,256.00000806254815,0.16164245266330238,0.1758318926309683,0.1856022660319422,0.1362681070650005,0.19443315230834451,0.14622212930044232
257,257.0,257.0000086586446,0.1604701501588764,0.17778847918424018,0.18216793101949424,0.13503510989096768,0.1989997956127934,0.1455385341336283
258,258.0,258.000009108545,0.15921837433630218,0.18018817140699156,0.17884256306030902,0.13389320512857222,0.20299902470991757,0.14485866135790765
259,259.0,259.0000094223699,0.15790832557973797,0.18295383828063527,0.1756492544227697,0.13284690846662733,0.20645200049418405,0.14418967275604586
260,260.0,260.00000961058856,0.15670313101655362,0.18595750018114954,0.1738620427186035,0.13210749787870085,0.20968845906191183,0.14168136914308088
261,261.0,261.00000968387957,0.15550435717304295,0.18884532098684215,0.1722581903715147,0.1315516788632702,0.2125976875490775,0.1392427650562527
262,262.0,262.0000096530026,0.15432334971567374,0.19160000659913834,0.16972428885815544,0.13116665045324014,0.21518331667886562,0.13800238769492698
263,263.0,263.00000952868334,0.1530590309692944,0.19298510145903258,0.1680453487769529,0.13193918387217085,0.21734073898460493,0.13663059593794458
264,264.0,264.00000932150914,0.15174146615936068,0.19413280460225704,0.16618902702186714,0.1327548885120679,0.2191002918347338,0.13608152186971367
265,265.0,265.0000090418373,0.1504709737221455,0.19513719635086463,0.16451889770511005,0.13368310838625386,0.22056598482813025,0.13562383900749597
266,266.0,266.0000086997143,0.1492555513447492,0.19600256392683094,0.16303304287601633,0.13470330977255796,0.2217525470205335,0.13525298505931233
267,267.0,267.0000083048064,0.1481018462449638,0.19673415607166045,0.16172789363411058,0.13579609250590535,0.22267602587011887,0.13496398567324117
268,268.0,268.0000078663412,0.14701522374602613,0.19622692329590746,0.1605984309130931,0.13805438173536935,0.22426258583176317,0.13384245447784104
269,269.0,269.00000739305915,0.14599984181284073,0.19560982041938774,0.15963838068808517,0.14033904391904367,0.22561187137646224,0.1328010417841807
