,Unnamed: 0,Total_iterations,Intertwine_two,Add_vertex,Delete_vertex,Invert_path_vertices,Insert_inside_vertex,Delete_inside_vertex,Replace_inside_vertex,Donate_between_routes
0,0.0,0.0,0.125,0.125,0.125,0.125,0.125,0.125,0.125,0.125
1,1.0,1.0,0.125,0.125,0.125,0.125,0.125,0.125,0.125,0.125
2,2.0,2.0,0.125,0.125,0.125,0.125,0.125,0.125,0.125,0.125
3,3.0,3.0,0.125,0.125,0.125,0.125,0.125,0.125,0.125,0.125
4,4.0,4.0,0.125,0.125,0.125,0.125,0.125,0.125,0.125,0.125
5,5.0,5.0,0.125,0.125,0.125,0.125,0.125,0.125,0.125,0.125
6,6.0,6.0,0.125,0.125,0.125,0.125,0.125,0.125,0.125,0.125
7,7.0,7.0,0.125,0.125,0.125,0.125,0.125,0.125,0.125,0.125
8,8.0,8.0,0.125,0.125,0.125,0.125,0.125,0.125,0.125,0.125
9,9.0,9.0,0.125,0.125,0.125,0.125,0.125,0.125,0.125,0.125
10,10.0,10.0,0.125,0.125,0.125,0.125,0.125,0.125,0.125,0.125
11,11.0,11.0,0.125,0.125,0.125,0.125,0.125,0.125,0.125,0.125
12,12.0,12.0,0.125,0.125,0.125,0.125,0.125,0.125,0.125,0.125
13,13.0,13.0,0.125,0.125,0.125,0.125,0.125,0.125,0.125,0.125
14,14.0,14.0,0.125,0.125,0.125,0.125,0.125,0.125,0.125,0.125
15,15.0,15.0,0.125,0.125,0.125,0.125,0.125,0.125,0.125,0.125
16,16.0,16.0,0.125,0.125,0.125,0.125,0.125,0.125,0.125,0.125
17,17.0,17.0,0.125,0.125,0.125,0.125,0.125,0.125,0.125,0.125
18,18.0,18.0,0.125,0.125,0.125,0.125,0.125,0.125,0.125,0.125
19,19.0,19.0,0.125,0.125,0.125,0.125,0.125,0.125,0.125,0.125
20,20.0,20.0,0.125,0.125,0.125,0.125,0.125,0.125,0.125,0.125
21,21.0,21.0,0.125,0.125,0.125,0.125,0.125,0.125,0.125,0.125
22,22.0,22.0,0.125,0.125,0.125,0.125,0.125,0.125,0.125,0.125
23,23.0,23.0,0.125,0.125,0.125,0.125,0.125,0.125,0.125,0.125
24,24.0,24.0,0.125,0.125,0.125,0.125,0.125,0.125,0.125,0.125
25,25.0,25.0,0.125,0.125,0.125,0.125,0.125,0.125,0.125,0.125
26,26.0,26.0,0.125,0.125,0.125,0.125,0.125,0.125,0.125,0.125
27,27.0,27.0,0.125,0.125,0.125,0.125,0.125,0.125,0.125,0.125
28,28.0,28.0,0.125,0.125,0.125,0.125,0.125,0.125,0.125,0.125
29,29.0,29.0,0.125,0.125,0.125,0.125,0.125,0.125,0.125,0.125
30,30.0,30.0,0.125,0.125,0.125,0.125,0.125,0.125,0.125,0.125
31,31.0,31.0,0.125,0.125,0.125,0.125,0.125,0.125,0.125,0.125
32,32.0,32.0,0.125,0.125,0.125,0.125,0.125,0.125,0.125,0.125
33,33.0,33.0,0.125,0.125,0.125,0.125,0.125,0.125,0.125,0.125
34,34.0,34.0,0.125,0.125,0.125,0.125,0.125,0.125,0.125,0.125
35,35.0,35.0,0.125,0.125,0.125,0.125,0.125,0.125,0.125,0.125
36,36.0,36.0,0.125,0.125,0.125,0.125,0.125,0.125,0.125,0.125
37,37.0,37.0,0.125,0.125,0.125,0.125,0.125,0.125,0.125,0.125
38,38.0,38.0,0.125,0.125,0.125,0.125,0.125,0.125,0.125,0.125
39,39.0,39.0,0.125,0.125,0.125,0.125,0.125,0.125,0.125,0.125
40,40.0,40.0,0.125,0.125,0.125,0.125,0.125,0.125,0.125,0.125
41,41.0,41.0,0.125,0.125,0.125,0.125,0.125,0.125,0.125,0.125
42,42.0,42.0,0.125,0.125,0.125,0.125,0.125,0.125,0.125,0.125
43,43.0,43.0,0.125,0.125,0.125,0.125,0.125,0.125,0.125,0.125
44,44.0,44.0,0.125,0.125,0.125,0.125,0.125,0.125,0.125,0.125
45,45.0,45.0,0.125,0.125,0.125,0.125,0.125,0.125,0.125,0.125
46,46.0,46.0,0.125,0.125,0.125,0.125,0.125,0.125,0.125,0.125
47,47.0,47.0,0.125,0.125,0.125,0.125,0.125,0.125,0.125,0.125
48,48.0,48.0,0.125,0.125,0.125,0.125,0.125,0.125,0.125,0.125
49,49.0,49.0,0.125,0.125,0.125,0.125,0.125,0.125,0.125,0.125
50,50.0,50.0,0.125,0.125,0.125,0.125,0.125,0.125,0.125,0.125
51,51.0,51.0,0.125,0.125,0.125,0.125,0.125,0.125,0.125,0.125
52,52.0,52.0,0.125,0.125,0.125,0.125,0.125,0.125,0.125,0.125
53,53.0,53.0,0.125,0.125,0.125,0.125,0.125,0.125,0.125,0.125
54,54.0,54.0,0.125,0.125,0.125,0.125,0.125,0.125,0.125,0.125
55,55.0,55.0,0.125,0.125,0.125,0.125,0.125,0.125,0.125,0.125
56,56.0,56.0,0.125,0.125,0.125,0.125,0.125,0.125,0.125,0.125
57,57.0,57.0,0.125,0.125,0.125,0.125,0.125,0.125,0.125,0.125
58,58.0,58.0,0.125,0.125,0.125,0.125,0.125,0.125,0.125,0.125
59,59.0,59.0,0.125,0.125,0.125,0.125,0.125,0.125,0.125,0.125
60,60.0,60.0,0.125,0.125,0.125,0.125,0.125,0.125,0.125,0.125
61,61.0,61.0,0.125,0.125,0.125,0.125,0.125,0.125,0.125,0.125
62,62.0,62.0,0.125,0.125,0.125,0.125,0.125,0.125,0.125,0.125
63,63.0,63.0,0.125,0.125,0.125,0.125,0.125,0.125,0.125,0.125
64,64.0,64.0,0.125,0.125,0.125,0.125,0.125,0.125,0.125,0.125
65,65.0,65.0,0.125,0.125,0.125,0.125,0.125,0.125,0.125,0.125
66,66.0,66.0,0.125,0.125,0.125,0.125,0.125,0.125,0.125,0.125
67,67.0,67.0,0.125,0.125,0.125,0.125,0.125,0.125,0.125,0.125
68,68.0,68.0,0.125,0.125,0.125,0.125,0.125,0.125,0.125,0.125
69,69.0,69.0,0.125,0.125,0.125,0.125,0.125,0.125,0.125,0.125
70,70.0,70.0,0.125,0.125,0.125,0.125,0.125,0.125,0.125,0.125
71,71.0,71.0,0.125,0.125,0.125,0.125,0.125,0.125,0.125,0.125
72,72.0,72.0,0.125,0.125,0.125,0.125,0.125,0.125,0.125,0.125
73,73.0,73.0,0.125,0.125,0.125,0.125,0.125,0.125,0.125,0.125
74,74.0,74.0,0.125,0.125,0.125,0.125,0.125,0.125,0.125,0.125
75,75.0,75.0,0.125,0.125,0.125,0.125,0.125,0.125,0.125,0.125
76,76.0,76.1,0.125,0.125,0.125,0.125,0.125,0.125,0.125,0.125
77,77.0,77.1,0.125,0.125,0.125,0.125,0.125,0.125,0.125,0.125
78,78.0,78.1,0.125,0.125,0.125,0.125,0.125,0.125,0.125,0.125
79,79.0,79.1,0.125,0.125,0.125,0.125,0.125,0.125,0.125,0.125
80,80.0,80.1,0.125,0.125,0.125,0.125,0.125,0.125,0.125,0.125
81,81.0,81.1,0.125,0.125,0.125,0.125,0.125,0.125,0.125,0.125
82,82.0,82.2,0.125,0.125,0.125,0.125,0.125,0.125,0.125,0.125
83,83.0,83.2,0.125,0.125,0.125,0.125,0.125,0.125,0.125,0.125
84,84.0,84.2,0.125,0.125,0.125,0.125,0.125,0.125,0.125,0.125
85,85.0,85.2,0.125,0.125,0.125,0.125,0.125,0.125,0.125,0.125
86,86.0,86.2,0.125,0.125,0.125,0.125,0.125,0.125,0.125,0.125
87,87.0,87.2,0.125,0.125,0.125,0.125,0.125,0.125,0.125,0.125
88,88.0,88.2,0.125,0.125,0.125,0.125,0.125,0.125,0.125,0.125
89,89.0,89.2,0.125,0.125,0.125,0.125,0.125,0.125,0.125,0.125
90,90.0,90.2,0.125,0.125,0.125,0.125,0.125,0.125,0.125,0.125
91,91.0,91.2,0.125,0.125,0.125,0.125,0.125,0.125,0.125,0.125
92,92.0,92.4,0.125,0.125,0.125,0.125,0.125,0.125,0.125,0.125
93,93.0,93.4,0.125,0.125,0.125,0.125,0.125,0.125,0.125,0.125
94,94.0,94.5,0.125,0.125,0.125,0.125,0.125,0.125,0.125,0.125
95,95.0,95.5,0.125,0.125,0.125,0.125,0.125,0.125,0.125,0.125
96,96.0,96.5,0.125,0.125,0.125,0.125,0.125,0.125,0.125,0.125
97,97.0,97.5,0.125,0.125,0.125,0.125,0.125,0.125,0.125,0.125
98,98.0,98.5,0.125,0.125,0.125,0.125,0.125,0.125,0.125,0.125
99,99.0,99.5,0.125,0.125,0.125,0.125,0.125,0.125,0.125,0.125
100,100.0,100.5,0.125,0.125,0.125,0.125,0.125,0.125,0.125,0.125
101,101.0,101.5,0.125,0.125,0.125,0.125,0.125,0.125,0.125,0.125
102,102.0,102.5,0.125,0.125,0.125,0.125,0.125,0.125,0.125,0.125
103,103.0,103.5,0.125,0.125,0.125,0.125,0.125,0.125,0.125,0.125
104,104.0,104.5,0.125,0.125,0.125,0.125,0.125,0.125,0.125,0.125
105,105.0,105.5,0.125,0.125,0.125,0.125,0.125,0.125,0.125,0.125
106,106.0,106.5,0.125,0.125,0.125,0.125,0.125,0.125,0.125,0.125
107,107.0,107.5,0.125,0.125,0.125,0.125,0.125,0.125,0.125,0.125
108,108.0,108.5,0.125,0.125,0.125,0.125,0.125,0.125,0.125,0.125
109,109.0,109.5,0.125,0.125,0.125,0.125,0.125,0.125,0.125,0.125
110,110.0,110.5,0.125,0.125,0.125,0.125,0.125,0.125,0.125,0.125
111,111.0,111.5,0.125,0.125,0.125,0.125,0.125,0.125,0.125,0.125
112,112.0,112.5,0.125,0.125,0.125,0.125,0.125,0.125,0.125,0.125
113,113.0,113.5,0.125,0.125,0.125,0.125,0.125,0.125,0.125,0.125
114,114.0,114.5,0.125,0.125,0.125,0.125,0.125,0.125,0.125,0.125
115,115.0,115.5,0.125,0.125,0.125,0.125,0.125,0.125,0.125,0.125
116,116.0,116.5,0.125,0.125,0.125,0.125,0.125,0.125,0.125,0.125
117,117.0,117.5,0.125,0.125,0.125,0.125,0.125,0.125,0.125,0.125
118,118.0,118.5,0.125,0.125,0.125,0.125,0.125,0.125,0.125,0.125
119,119.0,119.5,0.125,0.125,0.125,0.125,0.125,0.125,0.125,0.125
120,120.0,120.5,0.125,0.125,0.125,0.125,0.125,0.125,0.125,0.125
121,121.0,121.5,0.125,0.125,0.125,0.125,0.125,0.125,0.125,0.125
122,122.0,122.5,0.125,0.125,0.125,0.125,0.125,0.125,0.125,0.125
123,123.0,123.5,0.125,0.125,0.125,0.125,0.125,0.125,0.125,0.125
124,124.0,124.5,0.125,0.125,0.125,0.125,0.125,0.125,0.125,0.125
125,125.0,125.5,0.125,0.125,0.125,0.125,0.125,0.125,0.125,0.125
126,126.0,126.5,0.125,0.125,0.125,0.125,0.125,0.125,0.125,0.125
127,127.0,127.5,0.125,0.125,0.125,0.125,0.125,0.125,0.125,0.125
128,128.0,128.5,0.125,0.125,0.125,0.125,0.125,0.125,0.125,0.125
129,129.0,129.5,0.125,0.125,0.125,0.125,0.125,0.125,0.125,0.125
130,130.0,130.5,0.125,0.125,0.125,0.125,0.125,0.125,0.125,0.125
131,131.0,131.5,0.125,0.125,0.125,0.125,0.125,0.125,0.125,0.125
132,132.0,132.5,0.125,0.125,0.125,0.125,0.125,0.125,0.125,0.125
133,133.0,133.5,0.125,0.125,0.125,0.125,0.125,0.125,0.125,0.125
134,134.0,134.5,0.125,0.125,0.125,0.125,0.125,0.125,0.125,0.125
135,135.0,135.5,0.125,0.125,0.125,0.125,0.125,0.125,0.125,0.125
136,136.0,136.5,0.125,0.125,0.125,0.125,0.125,0.125,0.125,0.125
137,137.0,137.5,0.125,0.125,0.125,0.125,0.125,0.125,0.125,0.125
138,138.0,138.5,0.125,0.125,0.125,0.125,0.125,0.125,0.125,0.125
139,139.0,139.5,0.125,0.125,0.125,0.125,0.125,0.125,0.125,0.125
140,140.0,140.5,0.125,0.125,0.125,0.125,0.125,0.125,0.125,0.125
141,141.0,141.5,0.125,0.125,0.125,0.125,0.125,0.125,0.125,0.125
142,142.0,142.5,0.125,0.125,0.125,0.125,0.125,0.125,0.125,0.125
143,143.0,143.5,0.125,0.125,0.125,0.125,0.125,0.125,0.125,0.125
144,144.0,144.5,0.125,0.125,0.125,0.125,0.125,0.125,0.125,0.125
145,145.0,145.5,0.125,0.125,0.125,0.125,0.125,0.125,0.125,0.125
146,146.0,146.5,0.125,0.125,0.125,0.125,0.125,0.125,0.125,0.125
147,147.0,147.5,0.125,0.125,0.125,0.125,0.125,0.125,0.125,0.125
148,148.0,148.5,0.125,0.125,0.125,0.125,0.125,0.125,0.125,0.125
149,149.0,149.5,0.125,0.125,0.125,0.125,0.125,0.125,0.125,0.125
150,150.0,150.5,0.125,0.125,0.125,0.125,0.125,0.125,0.125,0.125
151,151.0,151.5,0.125,0.125,0.125,0.125,0.125,0.125,0.125,0.125
152,152.0,152.5,0.125,0.125,0.125,0.125,0.125,0.125,0.125,0.125
153,153.0,153.5,0.125,0.125,0.125,0.125,0.125,0.125,0.125,0.125
154,154.0,154.5,0.125,0.125,0.125,0.125,0.125,0.125,0.125,0.125
155,155.0,155.5,0.125,0.125,0.125,0.125,0.125,0.125,0.125,0.125
156,156.0,156.5,0.125,0.125,0.125,0.125,0.125,0.125,0.125,0.125
157,157.0,157.5,0.125,0.125,0.125,0.125,0.125,0.125,0.125,0.125
158,158.0,158.5,0.125,0.125,0.125,0.125,0.125,0.125,0.125,0.125
159,159.0,159.5,0.125,0.125,0.125,0.125,0.125,0.125,0.125,0.125
160,160.0,160.5,0.125,0.125,0.125,0.125,0.125,0.125,0.125,0.125
161,161.0,161.5,0.125,0.125,0.125,0.125,0.125,0.125,0.125,0.125
162,162.0,162.5,0.125,0.125,0.125,0.125,0.125,0.125,0.125,0.125
163,163.0,163.5,0.125,0.125,0.125,0.125,0.125,0.125,0.125,0.125
164,164.0,164.5,0.125,0.125,0.125,0.125,0.125,0.125,0.125,0.125
165,165.0,165.5,0.125,0.125,0.125,0.125,0.125,0.125,0.125,0.125
166,166.0,166.5,0.125,0.125,0.125,0.125,0.125,0.125,0.125,0.125
167,167.0,167.5,0.125,0.125,0.125,0.125,0.125,0.125,0.125,0.125
168,168.0,168.5,0.125,0.125,0.125,0.125,0.125,0.125,0.125,0.125
169,169.0,169.5,0.125,0.125,0.125,0.125,0.125,0.125,0.125,0.125
170,170.0,170.5,0.125,0.125,0.125,0.125,0.125,0.125,0.125,0.125
171,171.0,171.5,0.125,0.125,0.125,0.125,0.125,0.125,0.125,0.125
172,172.0,172.5,0.125,0.125,0.125,0.125,0.125,0.125,0.125,0.125
173,173.0,173.5,0.125,0.125,0.125,0.125,0.125,0.125,0.125,0.125
174,174.0,174.5,0.125,0.125,0.125,0.125,0.125,0.125,0.125,0.125
175,175.0,175.5,0.125,0.125,0.125,0.125,0.125,0.125,0.125,0.125
176,176.0,176.5,0.125,0.125,0.125,0.125,0.125,0.125,0.125,0.125
177,177.0,177.5,0.125,0.125,0.125,0.125,0.125,0.125,0.125,0.125
178,178.0,178.5,0.125,0.125,0.125,0.125,0.125,0.125,0.125,0.125
179,179.0,179.5,0.125,0.125,0.125,0.125,0.125,0.125,0.125,0.125
180,180.0,180.5,0.125,0.125,0.125,0.125,0.125,0.125,0.125,0.125
181,181.0,181.5,0.125,0.125,0.125,0.125,0.125,0.125,0.125,0.125
182,182.0,182.5,0.125,0.125,0.125,0.125,0.125,0.125,0.125,0.125
183,183.0,183.5,0.125,0.125,0.125,0.125,0.125,0.125,0.125,0.125
184,184.0,184.5,0.125,0.125,0.125,0.125,0.125,0.125,0.125,0.125
185,185.0,185.5,0.125,0.125,0.125,0.125,0.125,0.125,0.125,0.125
186,186.0,186.5,0.125,0.125,0.125,0.125,0.125,0.125,0.125,0.125
187,187.0,187.5,0.125,0.125,0.125,0.125,0.125,0.125,0.125,0.125
188,188.0,188.5,0.125,0.125,0.125,0.125,0.125,0.125,0.125,0.125
189,189.0,189.5,0.125,0.125,0.125,0.125,0.125,0.125,0.125,0.125
190,190.0,190.5,0.125,0.125,0.125,0.125,0.125,0.125,0.125,0.125
191,191.0,191.5,0.125,0.125,0.125,0.125,0.125,0.125,0.125,0.125
192,192.0,192.5,0.125,0.125,0.125,0.125,0.125,0.125,0.125,0.125
193,193.0,193.5,0.125,0.125,0.125,0.125,0.125,0.125,0.125,0.125
194,194.0,194.5,0.125,0.125,0.125,0.125,0.125,0.125,0.125,0.125
195,195.0,195.5,0.125,0.125,0.125,0.125,0.125,0.125,0.125,0.125
196,196.0,196.5,0.125,0.125,0.125,0.125,0.125,0.125,0.125,0.125
197,197.0,197.5,0.125,0.125,0.125,0.125,0.125,0.125,0.125,0.125
198,198.0,198.5,0.125,0.125,0.125,0.125,0.125,0.125,0.125,0.125
199,199.0,199.5,0.125,0.125,0.125,0.125,0.125,0.125,0.125,0.125
200,200.0,200.5,0.12361111111111112,0.12361111111111112,0.12361111111111112,0.12361111111111112,0.12361111111111112,0.12361111111111112,0.13472222222222224,0.12361111111111112
201,201.0,201.5,0.12250000000000001,0.12250000000000001,0.1325,0.12250000000000001,0.12250000000000001,0.12250000000000001,0.1325,0.12250000000000001
202,202.0,202.5,0.12159090909090908,0.12159090909090908,0.13977272727272727,0.12159090909090908,0.12159090909090908,0.12159090909090908,0.13068181818181818,0.12159090909090908
203,203.0,203.5,0.12083333333333332,0.12916666666666665,0.1375,0.12083333333333332,0.12083333333333332,0.12083333333333332,0.12916666666666665,0.12083333333333332
204,204.0,204.5,0.1188034188034188,0.13418803418803418,0.13418803418803418,0.1188034188034188,0.1188034188034188,0.1299145299145299,0.1264957264957265,0.1188034188034188
205,205.0,205.5,0.12714285714285714,0.13857142857142857,0.1314285714285714,0.11714285714285713,0.11714285714285713,0.12714285714285714,0.12428571428571429,0.11714285714285713
206,206.0,206.5,0.12345959595959595,0.14103535353535354,0.13881313131313133,0.11436868686868687,0.11436868686868687,0.12345959595959595,0.12103535353535352,0.12345959595959595
207,207.0,207.5,0.12304292929292929,0.1389520202020202,0.1375631313131313,0.1139520202020202,0.1202020202020202,0.12304292929292929,0.1202020202020202,0.12304292929292929
208,208.0,208.5,0.13065508021390376,0.13600267379679143,0.1442379679144385,0.11247326203208556,0.11835561497326204,0.11835561497326204,0.11835561497326204,0.12156417112299464
209,209.0,209.5,0.12838235294117645,0.13524509803921567,0.14348039215686273,0.11171568627450981,0.11759803921568628,0.11759803921568628,0.11759803921568628,0.12838235294117645
210,210.0,210.5,0.12666666666666665,0.1433333333333333,0.14666666666666667,0.10999999999999999,0.11555555555555556,0.11555555555555556,0.11555555555555556,0.12666666666666665
211,211.0,211.5,0.12666666666666665,0.1433333333333333,0.14666666666666667,0.10999999999999999,0.11555555555555556,0.11555555555555556,0.11555555555555556,0.12666666666666665
212,212.0,212.5,0.12555555555555556,0.1511111111111111,0.14555555555555555,0.10888888888888888,0.11444444444444443,0.11444444444444443,0.11444444444444443,0.12555555555555556
213,213.0,213.5,0.12464646464646463,0.16747474747474747,0.13464646464646463,0.10797979797979798,0.11353535353535356,0.11353535353535356,0.11353535353535356,0.12464646464646463
214,214.0,214.5,0.11416666666666664,0.1825,0.1325,0.10583333333333331,0.1113888888888889,0.1113888888888889,0.1113888888888889,0.1308333333333333
215,215.0,215.5,0.113525641025641,0.18698717948717947,0.13185897435897437,0.10519230769230767,0.11074786324786326,0.11074786324786326,0.11074786324786326,0.13019230769230766
216,216.0,216.5,0.11095598845598845,0.1867929292929293,0.14747113997113998,0.10262265512265512,0.10817821067821068,0.10817821067821068,0.10817821067821068,0.12762265512265508
217,217.0,217.5,0.10876484626484624,0.18433372183372182,0.15410284160284157,0.10107253857253855,0.10662809412809411,0.10662809412809411,0.11432040182040182,0.12414946164946165
218,218.0,218.5,0.10828865578865576,0.18766705516705515,0.1536266511266511,0.10059634809634807,0.10615190365190363,0.10615190365190363,0.11384421134421133,0.12367327117327116
219,219.0,219.5,0.10787198912198911,0.18149281274281273,0.16230089355089355,0.10017968142968141,0.10573523698523697,0.10573523698523697,0.11342754467754465,0.1232566045066045
220,220.0,220.5,0.12277240733123085,0.18330876639700167,0.15890294346176698,0.09905445861328213,0.10461001416883768,0.10461001416883768,0.10461001416883768,0.12213138169020521
221,221.0,221.5,0.11940836940836938,0.18365800865800866,0.15663780663780663,0.09678932178932176,0.11345598845598844,0.10234487734487732,0.10948773448773445,0.1182178932178932
222,222.0,222.5,0.11911597174755066,0.1804416343890028,0.15634540897698793,0.09649692412850305,0.11842674868990657,0.10205247968405862,0.10919533682691576,0.11792549555707448
223,223.0,223.5,0.11885281385281384,0.1825468975468975,0.1560822510822511,0.09623376623376623,0.11790043290043288,0.10178932178932179,0.10893217893217892,0.11766233766233765
224,224.0,224.5,0.11718614718614717,0.1792135642135642,0.1601298701298701,0.09551948051948049,0.11694805194805194,0.10107503607503605,0.10774170274170272,0.12218614718614715
225,225.0,225.5,0.12218614718614718,0.17879689754689754,0.15971320346320345,0.09510281385281383,0.11653138528138526,0.10065836940836939,0.10690836940836938,0.12010281385281382
226,226.0,226.5,0.12218614718614718,0.17879689754689754,0.15971320346320345,0.09510281385281383,0.11653138528138526,0.10065836940836939,0.10690836940836938,0.12010281385281382
227,227.0,227.5,0.12196969696969695,0.17619949494949494,0.15928030303030302,0.09488636363636363,0.11609848484848484,0.10044191919191918,0.10669191919191919,0.12443181818181817
228,228.0,228.5,0.11778656126482212,0.17382795344751867,0.1672183794466403,0.09468873517786561,0.11570322793148877,0.10024429073342116,0.10649429073342116,0.12403656126482213
229,229.0,229.5,0.11714553562379648,0.17318692780649303,0.1717055589338198,0.09404770953683997,0.11506220229046313,0.09960326509239552,0.10585326509239552,0.12339553562379649
230,230.0,230.5,0.11623376623376622,0.17463023088023086,0.17518939393939392,0.09331709956709955,0.11415043290043289,0.09887265512265511,0.1051226551226551,0.12248376623376622
231,231.0,231.5,0.11653535353535352,0.1724520202020202,0.16263383838383838,0.10287626262626262,0.1155631313131313,0.1004520202020202,0.1067020202020202,0.12278535353535351
232,232.0,232.5,0.12172008547008546,0.17338675213675211,0.1600534188034188,0.10120726495726493,0.11449786324786322,0.09954059829059828,0.10579059829059827,0.12380341880341879
233,233.0,233.5,0.1210185185185185,0.17708333333333334,0.1601388888888889,0.10064814814814813,0.11379629629629626,0.09898148148148148,0.10523148148148147,0.12310185185185182
234,234.0,234.5,0.12443043884220355,0.1775676937441643,0.15398225957049486,0.09978057889822593,0.11279645191409897,0.09811391223155927,0.11232959850606909,0.12099906629318391
235,235.0,235.5,0.12346261581555698,0.17627307333189685,0.1553145873734109,0.10586403792286143,0.1118286288874524,0.09714608920491272,0.11072074983839689,0.11939021762551172
236,236.0,236.5,0.1226207676052877,0.17513882746080886,0.15129170966632266,0.10392328861369107,0.12339279571477713,0.09630424099464345,0.10932945107867706,0.1179989188657919
237,237.0,237.5,0.12235760971055087,0.1746125116713352,0.15366013071895424,0.10366013071895423,0.12286647992530345,0.09604108309990662,0.10906629318394023,0.11773576097105506
238,238.0,238.5,0.12640522875816992,0.1772315592903828,0.15008870214752568,0.10199346405228757,0.12143790849673201,0.09532679738562091,0.10787581699346405,0.11964052287581697
239,239.0,239.5,0.12572602290655027,0.17815333866043806,0.151883746183949,0.10165386112647774,0.12075870264511238,0.09498719445981108,0.1075362140676542,0.11930091995000716
240,240.0,240.5,0.12468421426541629,0.17860578289286727,0.15268186984938903,0.10009129013924409,0.11930022733731174,0.09425795680591076,0.10639030974708723,0.12398834896277351
241,241.0,241.5,0.12395424836601306,0.1837581699346405,0.14959150326797385,0.09880718954248364,0.12236928104575165,0.09370915032679739,0.10547385620915031,0.12233660130718953
242,242.0,242.5,0.12307906388361793,0.1879540375289901,0.1520042167404596,0.09755260383723381,0.12100063251106893,0.09310815939278935,0.1045460678895214,0.12075521821631878
243,243.0,243.5,0.12287745098039213,0.18906290849673205,0.1517017973856209,0.0974517973856209,0.12079901960784314,0.09300735294117646,0.10444526143790848,0.12065441176470589
244,244.0,244.5,0.1226880570409982,0.19010457516339868,0.15141770647653,0.09735710041592394,0.1206096256684492,0.09291265597147949,0.10435056446821152,0.1205597147950089
245,245.0,245.5,0.1186880570409982,0.19010457516339868,0.15541770647653,0.09735710041592394,0.1206096256684492,0.09291265597147949,0.10435056446821152,0.1205597147950089
246,246.0,246.5,0.11853421088715203,0.18964303670186022,0.15711001416883769,0.09720325426207777,0.12014808720691073,0.09275880981763333,0.10419671831436536,0.12040586864116273
247,247.0,247.5,0.11809936308388318,0.18863089095287236,0.1577997727533331,0.09618361113717148,0.11913594145792286,0.09232396201436448,0.10873263074501463,0.11909382785543773
248,248.0,248.5,0.11685597684049695,0.1901532574752389,0.15154195649551686,0.09494022489378526,0.11651689383887524,0.1046520043424068,0.1074892445016284,0.11785044161205149
249,249.0,249.5,0.11667772372106737,0.19104452307238687,0.15136370337608726,0.09485109833407045,0.11633864071944566,0.104562877782692,0.10740011794191359,0.1177613150523367
250,250.0,250.5,0.11667772372106737,0.19104452307238687,0.15493513194751585,0.09485109833407045,0.11276721214801708,0.104562877782692,0.10740011794191359,0.1177613150523367
251,251.0,251.5,0.11650965649417659,0.1866217013121038,0.1547670647206251,0.1000302226153619,0.11259914492112633,0.10447884416924662,0.10731608432846822,0.1176772814388913
252,252.0,252.5,0.11517867753161867,0.1862431033019268,0.15290976996859348,0.10298913504795855,0.11009591715474065,0.11140904846787199,0.10553815465580171,0.11563619387148796
253,253.0,253.5,0.1187947611477023,0.18599818305700658,0.15128775834658184,0.10096600802483154,0.10795442501324852,0.11715648421530774,0.10399121810886514,0.11385116208645618
254,254.0,254.5,0.11849413584707699,0.18617855823738177,0.14918338124220473,0.10001603207485558,0.10778607484489836,0.11720458426340777,0.10347414259178962,0.11766309089838498
255,255.0,255.5,0.11462287545407748,0.1876457814437354,0.14940449668071148,0.10594689670137239,0.10584421638130075,0.11417830297625693,0.1021079564429948,0.12024947391955061
256,256.0,256.5,0.11261341226040375,0.1908588339988932,0.14732390973170348,0.10338798295824811,0.1032141788828422,0.11315206708159997,0.10009849324932107,0.12935112183698802
257,257.0,257.5,0.11242278316777829,0.19116413970347296,0.14854363676812746,0.10319735386562263,0.10283292069759127,0.11277080889634905,0.09990786415669559,0.12916049274436253
258,258.0,258.5,0.11199636176309602,0.18912400592420875,0.14787195337905276,0.10222745420007082,0.10234239672880645,0.11246144434785407,0.0993002833317235,0.13467610032518754
259,259.0,259.5,0.1116020528200066,0.1837407707125463,0.1472500021595406,0.10722044550929426,0.10188711217596091,0.11217282646167522,0.09873930772196737,0.13738748243900864
260,260.0,260.5,0.11095284780578898,0.18087441643323995,0.15030298786181137,0.10592203548085899,0.10058870214752566,0.10992203548085899,0.09809010270774976,0.14334687208216618
261,261.0,261.5,0.11078994993846498,0.18137918548264514,0.15131967060392548,0.10559623974621105,0.10026290641287772,0.10959623974621105,0.09792720484042576,0.14312860322923865
262,262.0,262.5,0.11032042914917677,0.1874829557433922,0.15074444156939412,0.1046571981676346,0.09932386483430126,0.10782386483430126,0.09745768405113756,0.14218956165066218
263,263.0,263.5,0.11032042914917677,0.1874829557433922,0.15074444156939412,0.1046571981676346,0.09932386483430126,0.10782386483430126,0.09745768405113756,0.14218956165066218
264,264.0,264.5,0.10995278209035324,0.1863800145669216,0.1503767945105706,0.10392190404998754,0.09858857071665421,0.11223562954018362,0.09709003699231403,0.14145426753301513
265,265.0,265.5,0.10884167097924213,0.18526890345581049,0.1492656833994595,0.1028107929388764,0.09747745960554309,0.11112451842907249,0.09597892588120291,0.14923204531079293
266,266.0,266.5,0.11467351886991353,0.18592546911237615,0.14911416824794435,0.10270978283786632,0.09737644950453299,0.10514115538688591,0.09592842083069784,0.14913103520978283
267,267.0,267.5,0.12280702787298776,0.18564439752695672,0.14806014980262155,0.10170407357128748,0.09637074023795417,0.10413544612030709,0.09497102074286298,0.14630714412502216
268,268.0,268.5,0.12276077440397756,0.186245692624089,0.14792138939559102,0.10161156663326713,0.09039588035875734,0.10404293918228676,0.09492476727385281,0.1520969901281783
269,269.0,269.5,0.1212012966476913,0.1839810246679317,0.147030834914611,0.1028486717267552,0.08954965211891207,0.10319671094244147,0.09412286527514228,0.15806894370651486
270,270.0,270.5,0.12044689542483658,0.18835457516339868,0.147812908496732,0.10199346405228757,0.08902124183006535,0.10168790849673201,0.09369526143790846,0.1569877450980392
271,271.0,271.5,0.11586210010319915,0.1851016511867905,0.14752051083591328,0.10875515995872029,0.08872884416924663,0.10051831785345715,0.09740286377708976,0.15611055211558306
272,272.0,272.5,0.11898557499923046,0.1895329285560378,0.14666826345922981,0.10702638747806814,0.08807295995321204,0.09922680610705818,0.09648180426016559,0.15400527518699786
273,273.0,273.5,0.1175680104209516,0.18931475387357738,0.14694645550527902,0.10603270259152611,0.08716090771973124,0.0983147538735774,0.09570526532291238,0.15895715069244482
274,274.0,274.5,0.11642989363577598,0.1893535386182445,0.14627935789700494,0.10532638929697753,0.08653302579773167,0.10482972909443496,0.09511659908718731,0.15613146657264304
275,275.0,275.5,0.11642989363577598,0.1893535386182445,0.14627935789700494,0.10532638929697753,0.08653302579773167,0.10482972909443496,0.09511659908718731,0.15613146657264304
276,276.0,276.5,0.11543578970049558,0.1891752854988149,0.14431857358327946,0.10514813617754792,0.08635477267830208,0.10465147597500538,0.09502747252747251,0.15988849385908205
277,277.0,277.5,0.1152677224736048,0.18900721827192413,0.145326976944624,0.10498006895065717,0.08618670545141133,0.10448340874811461,0.09494343891402714,0.1598044602456367
278,278.0,278.5,0.11507128492422607,0.18941409897292247,0.1461662357250592,0.10467050922933274,0.08595256051138403,0.10424926380808733,0.09482636644401347,0.15964968038497446
279,279.0,279.5,0.11492113477407592,0.19196665152547504,0.14436443392325743,0.1045203590791826,0.08580241036123387,0.10794526750409102,0.09475129136893841,0.15572845146374553
280,280.0,280.5,0.11474260279316062,0.19041075486034303,0.14706698178469307,0.10423297368752711,0.08558759391007184,0.10773045105292897,0.0946438831433574,0.1555847587679178
281,281.0,281.5,0.1096076500266289,0.19020832571054544,0.14794417476714922,0.10409802092099536,0.08545264114354012,0.11259549828639726,0.09457640676009152,0.15551728238465193
282,282.0,282.5,0.1090988995178784,0.1934449964472162,0.14811206243503688,0.1025432793662538,0.08480144049233947,0.11469562038651934,0.09370440838809316,0.15359929296666253
283,283.0,283.5,0.10876049808191599,0.19650882286470112,0.14868829514541596,0.10177197749739095,0.08446303905637706,0.11349141808475607,0.09342698256188685,0.15288896670755578
284,284.0,284.5,0.1069255615836709,0.1977778696931329,0.151031317093422,0.0990126835530493,0.08249582742585684,0.12171252859907974,0.09125329267610789,0.14979091937568023
285,285.0,285.5,0.10570370850135272,0.19461385317238097,0.15064002879515695,0.0977908304707311,0.08127397434353864,0.13126635685848062,0.09008681057939322,0.1486244372789656
286,286.0,286.5,0.1053819002348414,0.19776667232549586,0.15100621056503408,0.09700188156070505,0.08091722547604899,0.1301500297088532,0.08981785643550347,0.1479582236935178
287,287.0,287.5,0.1042051325580737,0.1992060662648898,0.15058701864584215,0.09549178055060406,0.07974045779928132,0.12648841354723706,0.09778250290014993,0.14649862773392183
288,288.0,288.5,0.10319709228916388,0.1967651014326206,0.1503036160580917,0.09417604797400189,0.0870657508637048,0.12334983714779109,0.0960651960524083,0.14907735818221748
289,289.0,289.5,0.10319709228916388,0.1967651014326206,0.1503036160580917,0.09417604797400189,0.0870657508637048,0.12334983714779109,0.0960651960524083,0.14907735818221748
290,290.0,290.5,0.1025223966144682,0.2025705922381114,0.14952791028238593,0.08955418835214228,0.08571635951431344,0.1269900857880397,0.09474947473668698,0.14836899247385177
291,291.0,291.5,0.10203709689003804,0.20442325648207998,0.14599834805717155,0.08897148603030954,0.08464914170796521,0.13245133951016302,0.0936664152840623,0.1478029160382101
292,292.0,292.5,0.10141845627139741,0.20204637410519757,0.14537970743853096,0.08821039526921877,0.09022097727980079,0.13339558045440394,0.09257158418923121,0.1467569249922191
293,293.0,293.5,0.10125485281832028,0.20128753255688236,0.1451221190230478,0.0878205317214605,0.09002604550592166,0.13591576981669856,0.09240798073615408,0.14616516782151454
294,294.0,294.5,0.10120246217609297,0.20479935547886866,0.141898176198379,0.08927838219927467,0.08994340682981654,0.13491056610732063,0.09230508504342173,0.14566256596682559
295,295.0,295.5,0.10108751964735734,0.20686832099611005,0.14178323366964335,0.08904849714180338,0.08982846430108091,0.13399102587743558,0.0921901425146861,0.14520279585188306
296,296.0,296.5,0.09428615092422055,0.2014909017987685,0.14832129890253903,0.08834949215653873,0.08265798756126158,0.13673013633269956,0.09576960917238468,0.1523944231515871
297,297.0,297.5,0.09415709588503703,0.2038703896792132,0.148079249513073,0.08800663631545982,0.08250068393450745,0.13581069036951385,0.09564055413320116,0.15193470016999427
298,298.0,298.5,0.09620679368268563,0.20581835291816003,0.14638329405687164,0.08757962025319783,0.08089898070370585,0.1415094815601083,0.09015271439331225,0.15145076243195815
299,299.0,299.5,0.09568201890791088,0.20493096553077264,0.14706572648930408,0.087000791424369,0.07992150322622836,0.1454599320105588,0.08950181349241135,0.15043724891844462
300,300.0,300.5,0.09522524528937255,0.2057999494879919,0.14660895287076575,0.0864548912461159,0.08497943549004297,0.14254103717989927,0.08904503987387302,0.1493454485619384
301,301.0,301.5,0.09461253277492358,0.20631647310735574,0.14455154165303688,0.08570551353927418,0.08716774300221641,0.14515639484088888,0.08835782952062415,0.14813197156167984
302,302.0,302.5,0.0942407700347398,0.20552090495199465,0.14417977891285308,0.08525438571972531,0.08621118494039519,0.14411403484253232,0.08798606678044037,0.15249287381731896
303,303.0,303.5,0.09390253706492789,0.20634594051387234,0.14384154594304116,0.08484107767483832,0.0853466361811096,0.14167132897877383,0.08764783381062846,0.15640309983280815
304,304.0,304.5,0.0937024432232075,0.20651726212539545,0.14339898255550299,0.08441283140688041,0.08506883677795186,0.14367668017836926,0.08732812274402771,0.15589484098866463
305,305.0,305.5,0.0937024432232075,0.20651726212539545,0.14557289559898126,0.08441283140688041,0.0828949237344736,0.14367668017836926,0.08732812274402771,0.15589484098866463
306,306.0,306.5,0.09363496683994164,0.20773183702418088,0.1455054192157154,0.08427787864034869,0.08282744735120774,0.1431368691122424,0.08726064636076183,0.1556249354556012
307,307.0,307.5,0.093470964175939,0.206335733128077,0.1452082164185126,0.08399982336229343,0.08761349463725503,0.14618964966502296,0.08698009358020907,0.1502020250326908
308,308.0,308.5,0.09337359319249207,0.20628704763635355,0.14498101745713637,0.08385376688712302,0.08873326094689478,0.14596245070364677,0.08676912311607404,0.15003974006027923
309,309.0,309.5,0.0932810862544717,0.21100952682229246,0.14572107296129921,0.08376125994910269,0.08864075400887442,0.14086994376562645,0.08672286964706385,0.14999348659126904
310,310.0,310.5,0.09533238731459476,0.21351070061822494,0.14613122197160391,0.08331256100922571,0.08753874496446785,0.1388039393669806,0.08637947255807776,0.1489909721968242
311,311.0,311.5,0.09533238731459476,0.21189779739241849,0.14613122197160391,0.08331256100922571,0.08753874496446785,0.14041684259278706,0.08637947255807776,0.1489909721968242
312,312.0,312.5,0.09511593709814455,0.21103199652661764,0.1459147717551537,0.0830961107927755,0.09121839864412153,0.13911814129408578,0.08616302234162755,0.14834162154747355
313,313.0,313.5,0.09511593709814455,0.21103199652661764,0.1459147717551537,0.0830961107927755,0.09121839864412153,0.13911814129408578,0.08616302234162755,0.14834162154747355
314,314.0,314.5,0.0950309030845391,0.21077689448580134,0.14659504386399722,0.08301107677917005,0.09113336463051608,0.13903310728048032,0.08612050533482483,0.14829910454067083
315,315.0,315.5,0.0950309030845391,0.21077689448580134,0.14659504386399722,0.08301107677917005,0.09113336463051608,0.13903310728048032,0.08612050533482483,0.14829910454067083
316,316.0,316.5,0.0950309030845391,0.21281771081233192,0.1445542275374666,0.08301107677917005,0.09113336463051608,0.13903310728048032,0.08612050533482483,0.14829910454067083
317,317.0,317.5,0.09494927043147788,0.21335811769105512,0.145248105088487,0.08292944412610884,0.09105173197745486,0.13651245023717523,0.08607968900829423,0.14987119143994668
318,318.0,318.5,0.09582799450074206,0.21493069787001282,0.1443173577890629,0.083156311091903,0.09141347586805515,0.13927008480061343,0.08650625022367388,0.14457782785593654
319,319.0,319.5,0.09584995070289185,0.21339567295449643,0.14522328978211327,0.08322695278577627,0.09150034605916955,0.14070392026274375,0.08667951329716032,0.14342035415564822
320,320.0,320.5,0.09575257971944492,0.21336321596001415,0.1449960908207371,0.084346719095416,0.091338061086758,0.14046049280412642,0.0864685428330253,0.1432742976804778
321,321.0,321.5,0.09563284142328257,0.213926808485632,0.1446505638968874,0.0840644833108068,0.09113023006405356,0.14004953992086341,0.08623804504319207,0.14430748785528194
322,322.0,322.5,0.0955162103691515,0.21293440582656267,0.14431432220647905,0.08378997001546017,0.0909278321533223,0.1424228186483088,0.086013389297703,0.14408105148301223
323,323.0,323.5,0.0954258761324758,0.21290429441433742,0.1441035423209024,0.083639412954334,0.09077727509219616,0.1434014395456289,0.08581766511823898,0.14393049442188605
324,324.0,324.5,0.095695866304905,0.21479726323413556,0.14077699894557855,0.0839094031267632,0.09098919325533382,0.14607793378309875,0.08595266020445358,0.14180068114573133
325,325.0,325.5,0.09550129091377293,0.21558690592047838,0.1395032406617772,0.08567561204935664,0.09085268987349329,0.1454376386406515,0.08585537250888756,0.14158724943158224
326,326.0,326.5,0.0954258761324758,0.2198307013407444,0.14025738847474856,0.08556248987741091,0.09077727509219616,0.14077906192325126,0.08581766511823898,0.14154954204093367
327,327.0,327.5,0.09515567873348431,0.22290010937323687,0.1407854494211852,0.0852560080081727,0.08971656385921256,0.13968206622002094,0.08558375218949421,0.14092037219519288
328,328.0,328.5,0.09497451931319445,0.22181315285149777,0.144770956667562,0.08507484858788285,0.08881076675776328,0.13877626911857166,0.08540259276920435,0.14037689393432332
329,329.0,329.5,0.09460895316723959,0.22183581574193809,0.14817655149643588,0.08465051076987393,0.08777513325869124,0.13839963658568508,0.08498954718275842,0.1395638517973775
330,330.0,330.5,0.09434939876815031,0.2196442398759436,0.15150831275842974,0.08439095637078463,0.0869530483668389,0.1394274459855875,0.0847828469062907,0.13894375096797434
331,331.0,331.5,0.09410593852469006,0.21757741780912151,0.15088800713812411,0.08414749612732439,0.08989399630778684,0.1404323669905085,0.0845898917133355,0.1383648853891088
332,332.0,332.5,0.09410593852469006,0.21757741780912151,0.15088800713812411,0.08414749612732439,0.08989399630778684,0.1404323669905085,0.0845898917133355,0.1383648853891088
333,333.0,333.5,0.09410593852469006,0.21757741780912151,0.15088800713812411,0.08414749612732439,0.08989399630778684,0.1404323669905085,0.0845898917133355,0.1383648853891088
334,334.0,334.5,0.09271704963580117,0.21618852892023263,0.14949911824923523,0.0827586072384355,0.08850510741889796,0.13904347810161963,0.0832010028244466,0.148087107611331
335,335.0,335.5,0.09108591487259095,0.22179504399844582,0.14611246018333188,0.08124068002239508,0.08958622336793844,0.1380953514553798,0.08345666051406658,0.14862766558585122
336,336.0,336.5,0.0909434647301408,0.22079789300129482,0.1458275598984316,0.08480193358364864,0.08873152251323758,0.13617828146602065,0.08451902964872486,0.14820031515850082
337,337.0,337.5,0.0909434647301408,0.22079789300129482,0.1458275598984316,0.08480193358364864,0.08873152251323758,0.13617828146602065,0.08451902964872486,0.14820031515850082
338,338.0,338.5,0.09214828400724925,0.22079789300129482,0.1458275598984316,0.08480193358364864,0.08502781880953388,0.13988198516972433,0.08331421037161643,0.14820031515850082
339,339.0,339.5,0.09208869872735416,0.22109573744027525,0.14612335532503595,0.08474013537038741,0.08496602059627265,0.13971978535003743,0.08316856657192788,0.148097700618709
340,340.0,340.5,0.09199065951166788,0.2210677262357934,0.1470897418796578,0.08460007934797845,0.08852966827756739,0.1357779864082385,0.08298649374279624,0.14795764459630004
341,341.0,341.5,0.09185408395121114,0.22071383584242676,0.1475647411817042,0.08438164778930848,0.08947402741657183,0.13546379561564237,0.08276783883897423,0.14778002936416065
342,342.0,342.5,0.09166390772149653,0.22323138843563925,0.14730258543787073,0.08530080061599592,0.08927869872432882,0.13687909571752943,0.08254577932609503,0.14379774402104412
343,343.0,343.5,0.09157247616454774,0.22320526513365388,0.14709359902198776,0.08515712245507638,0.09027138419977292,0.13665704765065376,0.08237597786319012,0.14366712751111727
344,344.0,344.5,0.09144388356305362,0.2228660033819665,0.14755597559672387,0.0849382416443251,0.08633603155457228,0.1374851535610465,0.08587448018092572,0.14350023051738617
345,345.0,345.5,0.09145311115899347,0.22177823266058558,0.14851564557446906,0.08489753166223749,0.08623452799923384,0.14006236682707268,0.08576049223108043,0.14129809188632714
346,346.0,346.5,0.09135649280150555,0.2206671215494745,0.14846733639572512,0.08480091330474956,0.08618621882048988,0.14160826054687944,0.08571218305233647,0.14120147352883922
347,347.0,347.5,0.09116484684890501,0.2202387510741703,0.14897473066786268,0.08461887375881426,0.08596610734673935,0.1440843853453365,0.08549353049548603,0.13945877446268556
348,348.0,348.5,0.09107470953716665,0.22062160682829743,0.15059584710811605,0.08449096996447761,0.08637005102834129,0.14363991884168736,0.08760183543769409,0.13560506125421914
349,349.0,349.5,0.09084722538111106,0.22424863456246805,0.15026842981641303,0.095232146777083,0.08561528330928786,0.14228991302739583,0.08723190113918836,0.12426646598705246
350,350.0,350.5,0.0895805291144148,0.22250648782032129,0.14877621832420157,0.0926288241737604,0.09379617649018104,0.14390237463985744,0.08583292974021697,0.12297645969704618
351,351.0,351.5,0.0894573764050552,0.22673318175098398,0.14664312045265218,0.09238251875504119,0.09318041294338303,0.14316345838369982,0.08558662432149777,0.12285330698768657
352,352.0,352.5,0.08930749327534124,0.22860262438815596,0.14519031436093913,0.09208275249561323,0.09253581909774819,0.14240392200932933,0.08717365051490003,0.12270342385797259
353,353.0,353.5,0.08916629635995078,0.2289349802043828,0.14379680941904707,0.09180035866483231,0.09515665107341889,0.1416914206516667,0.0868912566841191,0.12256222694258215
354,354.0,354.5,0.08906548990833787,0.23095110923664083,0.14359519651582126,0.09159874576160651,0.09455181236374147,0.14108658194198928,0.08668964378089329,0.12246142049096924
355,355.0,355.5,0.08897079293864091,0.23466323044876206,0.14158762075824552,0.09140935182221258,0.09289667402382051,0.14160535664554658,0.08650024984149934,0.12236672352127227
356,356.0,356.5,0.08891571120445468,0.2348488284328675,0.14037065364575602,0.0912313457486841,0.09278651055544809,0.14135950796686209,0.0864127005748456,0.12407474187108167
