Total_iterations,Unnamed: 0.1,Intertwine_two,Add_vertex,Delete_vertex,Invert_path_vertices,Insert_inside_vertex,Delete_inside_vertex,Replace_inside_vertex,Donate_between_routes
0,0.0,0.125,0.125,0.125,0.125,0.125,0.125,0.125,0.125
1,1.0,0.125,0.125,0.125,0.125,0.125,0.125,0.125,0.125
2,2.0,0.125,0.125,0.125,0.125,0.125,0.125,0.125,0.125
3,3.0,0.125,0.125,0.125,0.125,0.125,0.125,0.125,0.125
4,4.0,0.125,0.125,0.125,0.125,0.125,0.125,0.125,0.125
5,5.0,0.125,0.125,0.125,0.125,0.125,0.125,0.125,0.125
6,6.0,0.125,0.125,0.125,0.125,0.125,0.125,0.125,0.125
7,7.0,0.125,0.125,0.125,0.125,0.125,0.125,0.125,0.125
8,8.0,0.125,0.125,0.125,0.125,0.125,0.125,0.125,0.125
9,9.0,0.125,0.125,0.125,0.125,0.125,0.125,0.125,0.125
10,10.0,0.125,0.125,0.125,0.125,0.125,0.125,0.125,0.125
11,11.0,0.125,0.125,0.125,0.125,0.125,0.125,0.125,0.125
12,12.0,0.125,0.125,0.125,0.125,0.125,0.125,0.125,0.125
13,13.0,0.125,0.125,0.125,0.125,0.125,0.125,0.125,0.125
14,14.0,0.125,0.125,0.125,0.125,0.125,0.125,0.125,0.125
15,15.0,0.125,0.125,0.125,0.125,0.125,0.125,0.125,0.125
16,16.0,0.125,0.125,0.125,0.125,0.125,0.125,0.125,0.125
17,17.0,0.125,0.125,0.125,0.125,0.125,0.125,0.125,0.125
18,18.0,0.125,0.125,0.125,0.125,0.125,0.125,0.125,0.125
19,19.0,0.125,0.125,0.125,0.125,0.125,0.125,0.125,0.125
20,20.0,0.125,0.125,0.125,0.125,0.125,0.125,0.125,0.125
21,21.0,0.125,0.125,0.125,0.125,0.125,0.125,0.125,0.125
22,22.0,0.125,0.125,0.125,0.125,0.125,0.125,0.125,0.125
23,23.0,0.125,0.125,0.125,0.125,0.125,0.125,0.125,0.125
24,24.0,0.125,0.125,0.125,0.125,0.125,0.125,0.125,0.125
25,25.0,0.125,0.125,0.125,0.125,0.125,0.125,0.125,0.125
26,26.0,0.125,0.125,0.125,0.125,0.125,0.125,0.125,0.125
27,27.0,0.125,0.125,0.125,0.125,0.125,0.125,0.125,0.125
28,28.0,0.125,0.125,0.125,0.125,0.125,0.125,0.125,0.125
29,29.0,0.125,0.125,0.125,0.125,0.125,0.125,0.125,0.125
30,30.0,0.125,0.125,0.125,0.125,0.125,0.125,0.125,0.125
31,31.0,0.125,0.125,0.125,0.125,0.125,0.125,0.125,0.125
32,32.0,0.125,0.125,0.125,0.125,0.125,0.125,0.125,0.125
33,33.0,0.125,0.125,0.125,0.125,0.125,0.125,0.125,0.125
34,34.0,0.125,0.125,0.125,0.125,0.125,0.125,0.125,0.125
35,35.0,0.125,0.125,0.125,0.125,0.125,0.125,0.125,0.125
36,36.0,0.125,0.125,0.125,0.125,0.125,0.125,0.125,0.125
37,37.0,0.125,0.125,0.125,0.125,0.125,0.125,0.125,0.125
38,38.0,0.125,0.125,0.125,0.125,0.125,0.125,0.125,0.125
39,39.0,0.125,0.125,0.125,0.125,0.125,0.125,0.125,0.125
40,40.0,0.125,0.125,0.125,0.125,0.125,0.125,0.125,0.125
41,41.0,0.125,0.125,0.125,0.125,0.125,0.125,0.125,0.125
42,42.0,0.125,0.125,0.125,0.125,0.125,0.125,0.125,0.125
43,43.0,0.125,0.125,0.125,0.125,0.125,0.125,0.125,0.125
44,44.0,0.125,0.125,0.125,0.125,0.125,0.125,0.125,0.125
45,45.0,0.125,0.125,0.125,0.125,0.125,0.125,0.125,0.125
46,46.0,0.125,0.125,0.125,0.125,0.125,0.125,0.125,0.125
47,47.0,0.125,0.125,0.125,0.125,0.125,0.125,0.125,0.125
48,48.0,0.125,0.125,0.125,0.125,0.125,0.125,0.125,0.125
49,49.0,0.125,0.125,0.125,0.125,0.125,0.125,0.125,0.125
50,50.0,0.125,0.125,0.125,0.125,0.125,0.125,0.125,0.125
51,51.0,0.125,0.125,0.125,0.125,0.125,0.125,0.125,0.125
52,52.0,0.125,0.125,0.125,0.125,0.125,0.125,0.125,0.125
53,53.0,0.125,0.125,0.125,0.125,0.125,0.125,0.125,0.125
54,54.0,0.125,0.125,0.125,0.125,0.125,0.125,0.125,0.125
55,55.0,0.125,0.125,0.125,0.125,0.125,0.125,0.125,0.125
56,56.0,0.125,0.125,0.125,0.125,0.125,0.125,0.125,0.125
57,57.0,0.125,0.125,0.125,0.125,0.125,0.125,0.125,0.125
58,58.0,0.125,0.125,0.125,0.125,0.125,0.125,0.125,0.125
59,59.0,0.125,0.125,0.125,0.125,0.125,0.125,0.125,0.125
60,60.0,0.125,0.125,0.125,0.125,0.125,0.125,0.125,0.125
61,61.0,0.125,0.125,0.125,0.125,0.125,0.125,0.125,0.125
62,62.0,0.125,0.125,0.125,0.125,0.125,0.125,0.125,0.125
63,63.0,0.125,0.125,0.125,0.125,0.125,0.125,0.125,0.125
64,64.0,0.125,0.125,0.125,0.125,0.125,0.125,0.125,0.125
65,65.0,0.125,0.125,0.125,0.125,0.125,0.125,0.125,0.125
66,66.0,0.125,0.125,0.125,0.125,0.125,0.125,0.125,0.125
67,67.0,0.125,0.125,0.125,0.125,0.125,0.125,0.125,0.125
68,68.0,0.125,0.125,0.125,0.125,0.125,0.125,0.125,0.125
69,69.0,0.125,0.125,0.125,0.125,0.125,0.125,0.125,0.125
70,70.0,0.125,0.125,0.125,0.125,0.125,0.125,0.125,0.125
71,71.0,0.125,0.125,0.125,0.125,0.125,0.125,0.125,0.125
72,72.0,0.125,0.125,0.125,0.125,0.125,0.125,0.125,0.125
73,73.0,0.125,0.125,0.125,0.125,0.125,0.125,0.125,0.125
74,74.0,0.125,0.125,0.125,0.125,0.125,0.125,0.125,0.125
75,75.0,0.125,0.125,0.125,0.125,0.125,0.125,0.125,0.125
76,76.0,0.125,0.125,0.125,0.125,0.125,0.125,0.125,0.125
77,77.0,0.125,0.125,0.125,0.125,0.125,0.125,0.125,0.125
78,78.0,0.125,0.125,0.125,0.125,0.125,0.125,0.125,0.125
79,79.0,0.125,0.125,0.125,0.125,0.125,0.125,0.125,0.125
80,80.0,0.125,0.125,0.125,0.125,0.125,0.125,0.125,0.125
81,81.0,0.125,0.125,0.125,0.125,0.125,0.125,0.125,0.125
82,82.0,0.125,0.125,0.125,0.125,0.125,0.125,0.125,0.125
83,83.0,0.125,0.125,0.125,0.125,0.125,0.125,0.125,0.125
84,84.0,0.125,0.125,0.125,0.125,0.125,0.125,0.125,0.125
85,85.0,0.125,0.125,0.125,0.125,0.125,0.125,0.125,0.125
86,86.0,0.125,0.125,0.125,0.125,0.125,0.125,0.125,0.125
87,87.0,0.125,0.125,0.125,0.125,0.125,0.125,0.125,0.125
88,88.0,0.125,0.125,0.125,0.125,0.125,0.125,0.125,0.125
89,89.0,0.125,0.125,0.125,0.125,0.125,0.125,0.125,0.125
90,90.0,0.125,0.125,0.125,0.125,0.125,0.125,0.125,0.125
91,91.0,0.125,0.125,0.125,0.125,0.125,0.125,0.125,0.125
92,92.0,0.125,0.125,0.125,0.125,0.125,0.125,0.125,0.125
93,93.0,0.125,0.125,0.125,0.125,0.125,0.125,0.125,0.125
94,94.0,0.125,0.125,0.125,0.125,0.125,0.125,0.125,0.125
95,95.0,0.125,0.125,0.125,0.125,0.125,0.125,0.125,0.125
96,96.0,0.125,0.125,0.125,0.125,0.125,0.125,0.125,0.125
97,97.0,0.125,0.125,0.125,0.125,0.125,0.125,0.125,0.125
98,98.0,0.125,0.125,0.125,0.125,0.125,0.125,0.125,0.125
99,99.0,0.125,0.125,0.125,0.125,0.125,0.125,0.125,0.125
100,100.0,0.125,0.125,0.125,0.125,0.125,0.125,0.125,0.125
101,101.0,0.125,0.125,0.125,0.125,0.125,0.125,0.125,0.125
102,102.0,0.125,0.125,0.125,0.125,0.125,0.125,0.125,0.125
103,103.0,0.125,0.125,0.125,0.125,0.125,0.125,0.125,0.125
104,104.0,0.125,0.125,0.125,0.125,0.125,0.125,0.125,0.125
105,105.0,0.125,0.125,0.125,0.125,0.125,0.125,0.125,0.125
106,106.0,0.125,0.125,0.125,0.125,0.125,0.125,0.125,0.125
107,107.0,0.125,0.125,0.125,0.125,0.125,0.125,0.125,0.125
108,108.0,0.125,0.125,0.125,0.125,0.125,0.125,0.125,0.125
109,109.0,0.125,0.125,0.125,0.125,0.125,0.125,0.125,0.125
110,110.0,0.125,0.125,0.125,0.125,0.125,0.125,0.125,0.125
111,111.0,0.125,0.125,0.125,0.125,0.125,0.125,0.125,0.125
112,112.0,0.125,0.125,0.125,0.125,0.125,0.125,0.125,0.125
113,113.0,0.125,0.125,0.125,0.125,0.125,0.125,0.125,0.125
114,114.0,0.125,0.125,0.125,0.125,0.125,0.125,0.125,0.125
115,115.0,0.125,0.125,0.125,0.125,0.125,0.125,0.125,0.125
116,116.0,0.125,0.125,0.125,0.125,0.125,0.125,0.125,0.125
117,117.0,0.125,0.125,0.125,0.125,0.125,0.125,0.125,0.125
118,118.0,0.125,0.125,0.125,0.125,0.125,0.125,0.125,0.125
119,119.0,0.125,0.125,0.125,0.125,0.125,0.125,0.125,0.125
120,120.0,0.125,0.125,0.125,0.125,0.125,0.125,0.125,0.125
121,121.0,0.125,0.125,0.125,0.125,0.125,0.125,0.125,0.125
122,122.0,0.125,0.125,0.125,0.125,0.125,0.125,0.125,0.125
123,123.0,0.125,0.125,0.125,0.125,0.125,0.125,0.125,0.125
124,124.0,0.125,0.125,0.125,0.125,0.125,0.125,0.125,0.125
125,125.0,0.125,0.125,0.125,0.125,0.125,0.125,0.125,0.125
126,126.0,0.125,0.125,0.125,0.125,0.125,0.125,0.125,0.125
127,127.0,0.125,0.125,0.125,0.125,0.125,0.125,0.125,0.125
128,128.0,0.125,0.125,0.125,0.125,0.125,0.125,0.125,0.125
129,129.0,0.125,0.125,0.125,0.125,0.125,0.125,0.125,0.125
130,130.0,0.125,0.125,0.125,0.125,0.125,0.125,0.125,0.125
131,131.0,0.125,0.125,0.125,0.125,0.125,0.125,0.125,0.125
132,132.0,0.125,0.125,0.125,0.125,0.125,0.125,0.125,0.125
133,133.0,0.125,0.125,0.125,0.125,0.125,0.125,0.125,0.125
134,134.0,0.125,0.125,0.125,0.125,0.125,0.125,0.125,0.125
135,135.0,0.125,0.125,0.125,0.125,0.125,0.125,0.125,0.125
136,136.0,0.125,0.125,0.125,0.125,0.125,0.125,0.125,0.125
137,137.0,0.125,0.125,0.125,0.125,0.125,0.125,0.125,0.125
138,138.0,0.125,0.125,0.125,0.125,0.125,0.125,0.125,0.125
139,139.0,0.125,0.125,0.125,0.125,0.125,0.125,0.125,0.125
140,140.0,0.125,0.125,0.125,0.125,0.125,0.125,0.125,0.125
141,141.0,0.125,0.125,0.125,0.125,0.125,0.125,0.125,0.125
142,142.0,0.125,0.125,0.125,0.125,0.125,0.125,0.125,0.125
143,143.0,0.125,0.125,0.125,0.125,0.125,0.125,0.125,0.125
144,144.0,0.125,0.125,0.125,0.125,0.125,0.125,0.125,0.125
145,145.0,0.125,0.125,0.125,0.125,0.125,0.125,0.125,0.125
146,146.0,0.125,0.125,0.125,0.125,0.125,0.125,0.125,0.125
147,147.0,0.125,0.125,0.125,0.125,0.125,0.125,0.125,0.125
148,148.0,0.125,0.125,0.125,0.125,0.125,0.125,0.125,0.125
149,149.0,0.125,0.125,0.125,0.125,0.125,0.125,0.125,0.125
150,150.0,0.125,0.125,0.125,0.125,0.125,0.125,0.125,0.125
151,151.0,0.125,0.125,0.125,0.125,0.125,0.125,0.125,0.125
152,152.0,0.125,0.125,0.125,0.125,0.125,0.125,0.125,0.125
153,153.0,0.125,0.125,0.125,0.125,0.125,0.125,0.125,0.125
154,154.0,0.125,0.125,0.125,0.125,0.125,0.125,0.125,0.125
155,155.0,0.125,0.125,0.125,0.125,0.125,0.125,0.125,0.125
156,156.0,0.125,0.125,0.125,0.125,0.125,0.125,0.125,0.125
157,157.0,0.125,0.125,0.125,0.125,0.125,0.125,0.125,0.125
158,158.0,0.125,0.125,0.125,0.125,0.125,0.125,0.125,0.125
159,159.0,0.125,0.125,0.125,0.125,0.125,0.125,0.125,0.125
160,160.0,0.125,0.125,0.125,0.125,0.125,0.125,0.125,0.125
161,161.0,0.125,0.125,0.125,0.125,0.125,0.125,0.125,0.125
162,162.0,0.125,0.125,0.125,0.125,0.125,0.125,0.125,0.125
163,163.0,0.125,0.125,0.125,0.125,0.125,0.125,0.125,0.125
164,164.0,0.125,0.125,0.125,0.125,0.125,0.125,0.125,0.125
165,165.0,0.125,0.125,0.125,0.125,0.125,0.125,0.125,0.125
166,166.0,0.125,0.125,0.125,0.125,0.125,0.125,0.125,0.125
167,167.0,0.125,0.125,0.125,0.125,0.125,0.125,0.125,0.125
168,168.0,0.125,0.125,0.125,0.125,0.125,0.125,0.125,0.125
169,169.0,0.125,0.125,0.125,0.125,0.125,0.125,0.125,0.125
170,170.0,0.125,0.125,0.125,0.125,0.125,0.125,0.125,0.125
171,171.0,0.125,0.125,0.125,0.125,0.125,0.125,0.125,0.125
172,172.0,0.125,0.125,0.125,0.125,0.125,0.125,0.125,0.125
173,173.0,0.125,0.125,0.125,0.125,0.125,0.125,0.125,0.125
174,174.0,0.125,0.125,0.125,0.125,0.125,0.125,0.125,0.125
175,175.0,0.125,0.125,0.125,0.125,0.125,0.125,0.125,0.125
176,176.0,0.125,0.125,0.125,0.125,0.125,0.125,0.125,0.125
177,177.0,0.125,0.125,0.125,0.125,0.125,0.125,0.125,0.125
178,178.0,0.125,0.125,0.125,0.125,0.125,0.125,0.125,0.125
179,179.0,0.125,0.125,0.125,0.125,0.125,0.125,0.125,0.125
180,180.0,0.125,0.125,0.125,0.125,0.125,0.125,0.125,0.125
181,181.0,0.125,0.125,0.125,0.125,0.125,0.125,0.125,0.125
182,182.0,0.125,0.125,0.125,0.125,0.125,0.125,0.125,0.125
183,183.0,0.125,0.125,0.125,0.125,0.125,0.125,0.125,0.125
184,184.0,0.125,0.125,0.125,0.125,0.125,0.125,0.125,0.125
185,185.0,0.125,0.125,0.125,0.125,0.125,0.125,0.125,0.125
186,186.0,0.125,0.125,0.125,0.125,0.125,0.125,0.125,0.125
187,187.0,0.125,0.125,0.125,0.125,0.125,0.125,0.125,0.125
188,188.0,0.125,0.125,0.125,0.125,0.125,0.125,0.125,0.125
189,189.0,0.125,0.125,0.125,0.125,0.125,0.125,0.125,0.125
190,190.0,0.125,0.125,0.125,0.125,0.125,0.125,0.125,0.125
191,191.0,0.125,0.125,0.125,0.125,0.125,0.125,0.125,0.125
192,192.0,0.125,0.125,0.125,0.125,0.125,0.125,0.125,0.125
193,193.0,0.125,0.125,0.125,0.125,0.125,0.125,0.125,0.125
194,194.0,0.125,0.125,0.125,0.125,0.125,0.125,0.125,0.125
195,195.0,0.125,0.125,0.125,0.125,0.125,0.125,0.125,0.125
196,196.0,0.125,0.125,0.125,0.125,0.125,0.125,0.125,0.125
197,197.0,0.125,0.125,0.125,0.125,0.125,0.125,0.125,0.125
198,198.0,0.125,0.125,0.125,0.125,0.125,0.125,0.125,0.125
199,199.0,0.125,0.125,0.125,0.125,0.125,0.125,0.125,0.125
200,200.0,0.1248611111111111,0.1248611111111111,0.1248611111111111,0.1248611111111111,0.1248611111111111,0.1248611111111111,0.1259722222222222,0.1248611111111111
201,201.0,0.1246125,0.1246125,0.1256125,0.1246125,0.1246125,0.1246125,0.1267125,0.1246125
202,202.0,0.1242767159090909,0.1242767159090909,0.1270848977272727,0.1242767159090909,0.1242767159090909,0.1242767159090909,0.1272548068181818,0.1242767159090909
203,203.0,0.1238718945833333,0.1247052279166666,0.12830966125,0.1238718945833333,0.1238718945833333,0.1238718945833333,0.1276256379166666,0.1238718945833333
204,204.0,0.1232741783246601,0.1256376398631216,0.1291726552267579,0.1232741783246601,0.1232741783246601,0.1243852894357712,0.127707702175709,0.1232741783246601
205,205.0,0.1235254699305856,0.1270006539965196,0.1297235573195066,0.1225254699305855,0.1225254699305855,0.1246254699305855,0.127548439031046,0.1225254699305855
206,206.0,0.1234194801297151,0.1285894669587194,0.130974875332527,0.1215203892206242,0.1215203892206242,0.1244984801297151,0.12704743887836,0.1224294801297151
207,207.0,0.1232828238005638,0.1299355241571322,0.1320544441040514,0.1205026328914729,0.1211276328914729,0.1243321338005638,0.1264530845541792,0.1223117238005638
208,208.0,0.1239186492513487,0.1309422059556297,0.1337486265306449,0.1193732702513488,0.1205802555454664,0.1237007986272846,0.125671014496019,0.1220651793422578
209,209.0,0.124330983739408,0.1318230666769316,0.1353025265526594,0.1182120862172868,0.1199896119525809,0.1230033875590354,0.1248182398726897,0.122520097429408
210,210.0,0.1245710298432281,0.1334588851691378,0.1371014426794949,0.1169304879597523,0.119229868625602,0.1221174157481647,0.1237742923391103,0.1228165776355099
211,211.0,0.1248080277049005,0.1350298662937654,0.1388161194335186,0.1157077446483737,0.1185093565006205,0.1212544225164549,0.1227525521910532,0.1231219107113131
212,212.0,0.1249288010589123,0.1373045617541037,0.1403267228733602,0.1144390871105382,0.1177202464675754,0.120309628827196,0.1216499049803358,0.1233210469279785
213,213.0,0.1249528555315802,0.1411262167983419,0.1406476452051306,0.1131508842533606,0.1168863803266943,0.1193097535721264,0.1204945587944221,0.123431705518344
214,214.0,0.1239234608501503,0.1463317168974455,0.1406618170334908,0.1117251443545187,0.1158877440673416,0.1181374753775496,0.1191705087098626,0.124162132709641
215,215.0,0.1228353351309261,0.1518270677663823,0.1405288509445775,0.1103189577712465,0.114879880318037,0.1169508365734412,0.1178369448714467,0.1248221266239427
216,216.0,0.1215059597856061,0.1571050596462084,0.1418836992599161,0.108745158088547,0.1136745175159958,0.1155638666595227,0.1163088813436714,0.1252128577005326
217,217.0,0.1199849080424078,0.1619062102885983,0.1438221073140032,0.1071125016894468,0.1123797162707693,0.1140867255221712,0.1154665365762381,0.1252412942963653
218,218.0,0.1184561418081346,0.1667848543155338,0.1456218628579509,0.1055350922514685,0.1111092598810196,0.1126350931369951,0.1146493458903707,0.1252083498585268
219,219.0,0.1169369106704273,0.1707670317058667,0.1481891149726152,0.1040243696490701,0.1098746089012871,0.111222125428819,0.1138641562609618,0.1251216824109528
220,220.0,0.1169689952519305,0.1746398445329547,0.1503009646526831,0.1025137501430778,0.1086095070187274,0.1097830633253847,0.1122713664277889,0.1249125086474528
221,221.0,0.1167195017037903,0.178246989522075,0.152061135470439,0.1008930859899907,0.1083155178246398,0.1082096632583324,0.1112490140872335,0.1243050921434992
222,222.0,0.116492606421428,0.1812258927767421,0.1536618161520111,0.0993642108441238,0.1085994082796663,0.1067057155727689,0.1102820444186568,0.123668305534603
223,223.0,0.1162883185310895,0.1841095894378545,0.1551029489042021,0.0979332345562137,0.1089005515143452,0.105279314507401,0.1093745888515466,0.1230114536973474
224,224.0,0.1159634377163354,0.1863559561806128,0.1568145233077164,0.0965569326424415,0.109166341144179,0.1038892250499604,0.1084344071229061,0.1228191768358483
225,225.0,0.1161832720777548,0.1882645956627582,0.1583464270724341,0.0952662197321503,0.1094417022524014,0.1025683359818481,0.1074979831899844,0.1224314640306687
226,226.0,0.1164411517541162,0.1898876942155303,0.1597388082245878,0.0941029440540948,0.1097604240800915,0.1013604361548121,0.1066493055125386,0.1220592360042285
227,227.0,0.1167090483955167,0.1909778346865987,0.1609484051706222,0.0930443496201871,0.1100716932937354,0.1002446606213704,0.1058664412201507,0.1221375669918187
228,228.0,0.1165844482880315,0.1915740235629916,0.1628141690422837,0.092090271923982,0.1103725778098629,0.0992226723811284,0.1051503552908695,0.1221914817008502
229,229.0,0.1164202267569602,0.1918690302864878,0.1649861165795406,0.0911934840658338,0.1106325778114912,0.0982489965843311,0.1044552147448394,0.1221943531705157
230,230.0,0.1161885035286614,0.1920920456202083,0.167356447287172,0.0903418562512364,0.1108196971187435,0.0973131700553201,0.1037705077599138,0.1221177723787444
231,231.0,0.1160105639804022,0.1919003202053359,0.1683125188350069,0.0905610599571737,0.1111626816943572,0.09664445753782,0.1033257294550446,0.1220826683348592
232,232.0,0.1163741394759916,0.1916267575253908,0.1688581544655047,0.0907145955523084,0.1114088455020705,0.0959895497075697,0.10286804969699,0.1221599080741741
233,233.0,0.1166846601868064,0.191567809179212,0.1692697261848789,0.0909017926010675,0.1115911264113137,0.0953797314652631,0.1024294517197652,0.1221757022516931
234,234.0,0.1173486594422253,0.1914183469502753,0.1689331694275163,0.0910809765754292,0.1116772464902627,0.0947801556223571,0.1027725455403388,0.1219888999515951
235,235.0,0.1179202942634374,0.1910158623709444,0.1686139920276114,0.0919375840780463,0.1116691643128905,0.0941770926271691,0.1030160156417451,0.1216499946781555
236,236.0,0.1184060039970226,0.1903927737720473,0.1677914505504461,0.0926537204379328,0.1128199016817336,0.0935798410762504,0.1031730561990054,0.1211832522855615
237,237.0,0.1188589746038582,0.1896268229909802,0.1671230079174193,0.0933846230541146,0.1139086626750755,0.0930432428901338,0.1033496408598626,0.1207050250085555
238,238.0,0.1197063964058391,0.1890492289367281,0.1660296379185676,0.0939785238186599,0.1148352685987283,0.092518854353298,0.1034466859588273,0.1204354040093513
239,239.0,0.1204681437659832,0.1885033955284434,0.1650656999655331,0.094559223616506,0.1156673197438339,0.092041023807888,0.1035443575656609,0.1201508360061512
240,240.0,0.1211021143174053,0.1879538893155499,0.1641461486365301,0.0949965427109438,0.1163212320726617,0.0915675142581483,0.1035575901447744,0.1203549685439863
241,241.0,0.1216355122232248,0.1878810913638963,0.1628948729944145,0.0953126673105448,0.1172464484920971,0.0911133794409488,0.103506181308206,0.1204098468666673
242,242.0,0.1220512392516508,0.1881939307525504,0.1618769625664947,0.0955066661019801,0.1179935067416573,0.0906705167209269,0.1033868112723409,0.1203203665923984
243,243.0,0.1224155105332314,0.1885839743668778,0.1608318737876226,0.0956916437464631,0.1186757691336331,0.0902862360544646,0.1032808901610729,0.1202341022166343
244,244.0,0.122729034697186,0.1890439696277376,0.1597715840317086,0.0958662554659197,0.1192920983972139,0.0899581249265459,0.1031877351767304,0.1201511976769577
245,245.0,0.1226107966681833,0.189468571417868,0.1591337844758342,0.0960383144629307,0.119859970007149,0.0896923702218684,0.1031155239837369,0.1200806687624292
246,246.0,0.1224497704304244,0.1898109192202869,0.158691834864785,0.0961909708043859,0.1203323971665498,0.0894700092297702,0.1030474996995028,0.1200065985842947
247,247.0,0.1222222064406818,0.1900161388423808,0.1583472378663308,0.0962365200337819,0.1206545239355153,0.0892592875624335,0.1034513612729058,0.1198127240459698
248,248.0,0.1218518317920069,0.1903392206756069,0.1574058442908104,0.0961526466269335,0.1206673474409036,0.0903330890391541,0.1037433107593509,0.1195067093752336
249,249.0,0.1214507107467414,0.1907172612532215,0.1564821258829462,0.096056123687467,0.1206195587477898,0.0914337868652636,0.1040346119786028,0.1192058208379676
250,250.0,0.1210419719357457,0.1910607703912663,0.1559567379479426,0.0959572027884132,0.1201765968865611,0.0925557058179364,0.1043304381355626,0.1189205760965719
251,251.0,0.1206136578010137,0.1909274839662895,0.1554568660237461,0.0963750253628505,0.1196870306413807,0.093677101233645,0.1046189751135454,0.1186438598575289
252,252.0,0.1200540371704307,0.1907266085562509,0.1548143538037348,0.0970835088956289,0.1189252193868773,0.0954873949670013,0.1047278365186125,0.1181810407014635
253,253.0,0.1198632333681263,0.1904764936101808,0.1540548458051721,0.09757788763434,0.1179371470213536,0.0978506194367743,0.1046792213098511,0.1175605518142017
254,254.0,0.1196507626937855,0.1902246445712235,0.153133180021442,0.0979617121080873,0.1169312196554662,0.1001753901121653,0.1045768800382485,0.1173462107995815
255,255.0,0.1190608467791118,0.1901042418934589,0.1522862943721433,0.0989207837967792,0.1157402477317021,0.1021353475328145,0.104337126904462,0.1174151109895279
256,256.0,0.1182845964232878,0.1902926001344893,0.1512872206159593,0.0995983180713355,0.1143064089369646,0.1039171151763675,0.1038981110600722,0.1184156295815236
257,257.0,0.1175101963521548,0.1904983154605187,0.1504703938301936,0.1002269326580427,0.1128669059026345,0.1055749297560925,0.1034459377127512,0.1194063883276119
258,258.0,0.116719720015823,0.1904861041184483,0.1496488138134762,0.1007254000315998,0.1114219609228085,0.107107985214398,0.1029428428821046,0.1209471730013413
259,259.0,0.1159216268362883,0.1899231694074762,0.1488294280721352,0.1016883403404082,0.1099851863437405,0.1085124079295896,0.1023975343780433,0.1227423066923184
260,260.0,0.1150952267331224,0.1890680687527214,0.1483814852160294,0.1024804666671812,0.108481267478058,0.1095879134605014,0.1018052539564055,0.1251003177359805
261,261.0,0.1142937530642674,0.1882670185451878,0.1480992199462034,0.1031952164759488,0.1070162352721737,0.1105266300850607,0.1012187602777126,0.1273831663334454
262,262.0,0.113490436652111,0.1880875720538569,0.1478198628064841,0.1037685973786847,0.1055362688404271,0.1111849336525846,0.1006110483335873,0.1295012802822641
263,263.0,0.112735751806141,0.1879200240485544,0.1475976871683659,0.1042935261990364,0.104142175011794,0.1117437961751733,0.10003257394105,0.1315344656498849
264,264.0,0.1119956175123159,0.1876545660430834,0.1473924319321873,0.1046960694452743,0.1027657780524845,0.1126487496026827,0.0994494333829849,0.1333973540289867
265,265.0,0.1111979571825426,0.1872917972122869,0.1471264347342994,0.1049395056018244,0.1013741376046366,0.113347965375705,0.0987899018057086,0.1359323004829964
266,266.0,0.1110396848127808,0.1870107328926618,0.1468932782277004,0.105127210005989,0.1000725934114815,0.1133566887977401,0.0981631631218643,0.1383366487297821
267,267.0,0.1117469289208739,0.1867188152086543,0.1466002444274314,0.105171398771398,0.0987736712719146,0.1131818136168052,0.0974810108747093,0.1403261169082132
268,268.0,0.1124894242607778,0.1865054746259439,0.1463372370202381,0.105167244714463,0.096983126048045,0.1129247115851969,0.0968373486040503,0.1427554331412848
269,269.0,0.1131044357924947,0.1860844034858703,0.1460273164294197,0.1052516597917583,0.0952211400656851,0.1125198792087357,0.0961587365472842,0.1456324286787519
270,270.0,0.1136634746573064,0.1861217607211713,0.1458366304407472,0.1052180827132273,0.0935257967732087,0.1119114181426867,0.0954848665997499,0.1482379699519023
271,271.0,0.1137759643111485,0.1858524179797037,0.1456555360654199,0.1058317867465833,0.0919257024944666,0.1111446090224557,0.0952312478292687,0.1505827355509535
272,272.0,0.11421041384713,0.1860456295813785,0.1454259761376619,0.1062404768606598,0.0903880606387431,0.1102190667279178,0.0949326011436215,0.1525377750628873
273,273.0,0.1145074135832065,0.1862325755443863,0.1452596142805003,0.1065167885808486,0.0888898267383886,0.1091849508332771,0.0946016572639791,0.1548071731754135
274,274.0,0.1146915076355352,0.1864355271688519,0.1450600472604752,0.1066899969396704,0.0874613388456829,0.1087970420805892,0.0942559772293177,0.1566085628398772
275,275.0,0.1148745761426335,0.186647363745365,0.144892630048818,0.1068322483861831,0.0861664166117684,0.1084082510733085,0.0939534714167012,0.1582250425752222
276,276.0,0.1149554805804253,0.1868472531010125,0.1445597434054358,0.1069273907852095,0.0849868273811619,0.1080047286350242,0.0936839348060797,0.1600346413056508
277,277.0,0.1150162909429496,0.1870336271223843,0.1443585740643047,0.1069784196755676,0.0839220698038984,0.1075912191912791,0.0934463838723898,0.1616534153272264
278,278.0,0.1150538908295901,0.1872617877232141,0.1442711315641334,0.1069734061975083,0.0829630198468337,0.1071645680934741,0.0932358513354838,0.1630763444097623
279,279.0,0.1150728896534979,0.1877439106317132,0.1440312041754083,0.1069308500825582,0.0821147552771059,0.1071210294321962,0.0930547696958463,0.1639305910516738
280,280.0,0.1150706178481292,0.1880644589917869,0.1440888566091779,0.1068397061299038,0.081366712070076,0.1070686053726487,0.0928980206143453,0.1646030223639321
281,281.0,0.1145517977960945,0.188356172559559,0.1442582443495712,0.1067181139714379,0.0807221867254959,0.1075145468992057,0.092767657427958,0.1651112802706778
282,282.0,0.1139845432206935,0.1889609033757309,0.1444643413868897,0.10642700594284,0.0801242983944341,0.108176715996991,0.0925812182163309,0.1652809734660898
283,283.0,0.1133913175222083,0.1898563846827489,0.1447439292019958,0.1060490412644497,0.0795991301738614,0.1087174369987168,0.0923969122449634,0.1652458479110556
284,284.0,0.1126276125493441,0.1908557469237277,0.145269304089826,0.1053901730217937,0.078978396701119,0.1100739367625628,0.0920239685853241,0.1647808613663023
285,285.0,0.1117610722558778,0.1915079925162276,0.1457606327890827,0.1046112314004841,0.0783327255746665,0.1123665552943294,0.0915639643228851,0.1640958258464466
286,286.0,0.1108884315275618,0.1924413540713505,0.1462882407554622,0.1037630850410053,0.077745359161799,0.1145072772735981,0.0911082935348661,0.1632579586343569
287,287.0,0.1099303127914734,0.193478572047442,0.1467683484313802,0.1027811311816612,0.0771307712856839,0.1162241929631309,0.09148175010112,0.1622049211981082
288,288.0,0.1089099500997688,0.1942252466848719,0.1472102917830761,0.1016929059442808,0.0773362683687587,0.1175582016496069,0.0917091378539646,0.1613579976156721
289,289.0,0.1079344950991287,0.1949226524060363,0.1476389740423525,0.1006383346509356,0.0776185105684754,0.1188167258224171,0.0919573474135092,0.160472959997145
290,290.0,0.1069417420029834,0.1961492911258991,0.147973863918288,0.0991624116579697,0.0778320618162337,0.1203587535552249,0.0920902423719162,0.1594916335514848
291,291.0,0.1059555407901244,0.1975027454092947,0.1479378490477496,0.0976797284990588,0.0779963791355621,0.1223590172092924,0.0921281342128678,0.1584406056960501
292,292.0,0.1049669111976864,0.1985523711373903,0.1478241765924952,0.0961821221552424,0.0787679759058652,0.1243546018153859,0.092068136570953,0.1572837046249814
293,293.0,0.1040252996699215,0.1994560901675229,0.1476716678496782,0.0947155728221716,0.0795574498354895,0.1264930566834898,0.0920028128241048,0.1560780501476215
294,294.0,0.1031449057621945,0.2006389340107345,0.1471865202104098,0.0934725130591822,0.0803643984612451,0.1284113728251776,0.0919377835617887,0.1548435721092676
295,295.0,0.1023216325565055,0.2019519942360304,0.1466855096420743,0.0922888294581455,0.0811749480552374,0.1301108952625294,0.0918714359876469,0.1535947548018304
296,296.0,0.1008882086699803,0.2026451697866633,0.1468393838941376,0.0911212103955226,0.0812739301783069,0.1319531778078216,0.0921728569019596,0.1531060623656079
297,297.0,0.0995192010907317,0.2034954338903985,0.1469684849321321,0.0900083504726642,0.0813611243002236,0.1335670570875147,0.0924671977436269,0.1526131504827081
298,298.0,0.0984384429971158,0.204459217465543,0.1469261879665163,0.0889440577942935,0.0812908242832113,0.135611863891118,0.0922150540910343,0.1521143515111676
299,299.0,0.0973909667422397,0.2052514752989604,0.1469509350016089,0.087914667125466,0.0811258880843574,0.1379062112360959,0.0919024113166337,0.1515574451946377
300,300.0,0.0963854712726542,0.2060482006470762,0.1469286778862154,0.0869244867486849,0.0814711948831891,0.1397547715712547,0.091551349479577,0.1509358475113482
301,301.0,0.0954076518387495,0.2068144233107259,0.1466997081104338,0.0859536906838721,0.0820358841594235,0.141707874295083,0.0911416096948442,0.1502391579068677
302,302.0,0.0944824868835786,0.2074194873904409,0.1464349773736381,0.0850323796721397,0.0824997672902802,0.1433959159521509,0.090707829812824,0.1500271556249472
303,303.0,0.0936135979584552,0.2080275627939876,0.1461403444289329,0.0841640890175677,0.0828679214086239,0.1446780640460399,0.0902563869917008,0.1502520333546915
304,304.0,0.0928144779327368,0.2085751465955309,0.1458079304550855,0.0833465726882298,0.0831962673225423,0.146002465099827,0.0897920318142191,0.1504651080918282
305,305.0,0.092104149562495,0.2090473931722185,0.1457020597039748,0.0826214705790123,0.0832931130352752,0.1471711681990207,0.0893494730637837,0.1507111726842195
306,306.0,0.0914740893275579,0.2095685712706476,0.1455987367485987,0.0819732970123419,0.0833695446454001,0.1481340750014759,0.0889242090468677,0.1509574769471098
307,307.0,0.0909122436248381,0.2098796538271587,0.145475092633711,0.0813851810908132,0.0839115168501754,0.1492559971200713,0.0884967805267269,0.150683534326505
308,308.0,0.0904224325995566,0.2101193203718556,0.1453384242720225,0.0808674175366351,0.0845482882433079,0.1502123436561191,0.0880758309427216,0.1504159423777814
309,309.0,0.0900018635889306,0.2107689454533216,0.1452858542287703,0.0804220431375776,0.085153981530361,0.1505213059152353,0.0876792838919492,0.150166722253854
310,310.0,0.0898612738120348,0.211606131219924,0.1452839082781991,0.0800097284525535,0.0856237723090532,0.1504962578870792,0.0872784876949067,0.1498404403462491
311,311.0,0.0897894541478543,0.2122173537812686,0.145290630059619,0.0796716735615984,0.0860657337364304,0.1505180817991184,0.0869087809662001,0.1495382919479104
312,312.0,0.0897586007601142,0.2126776784360101,0.1452834405603718,0.0793821880125702,0.0868461945013156,0.1503068407980203,0.0865491068046379,0.1491959501269597
313,313.0,0.0897844060745284,0.2130755138061835,0.1452832833229971,0.0791587902462468,0.0875923312311403,0.1500048369019926,0.0862215392146019,0.1488792992023092
314,314.0,0.0898524427663768,0.2133876202624623,0.1453574839045658,0.0789886020606605,0.0882916115607518,0.1496156630381281,0.0859218915141594,0.148584684892895
315,315.0,0.0899654603922219,0.2136424088153466,0.145436640027572,0.0788756574408179,0.0889493813880999,0.1491595810030735,0.0856541947219678,0.1483166762109001
316,316.0,0.0901178306824058,0.2140471450023001,0.1453153829439887,0.0788153614763431,0.0895632140651372,0.1486478424342985,0.085417930715124,0.1480752926804024
317,317.0,0.0902959314022864,0.2144531539165308,0.1452680277698006,0.0787948889960379,0.0901232017148186,0.1478390646665322,0.0852082372225085,0.1480174943114847
318,318.0,0.0905906278473974,0.2149648695949795,0.1451321341562757,0.0788404960116434,0.0906726502912181,0.1472736619875929,0.0850708837185503,0.1474546763923424
319,319.0,0.0909104239347456,0.215271569496782,0.1450922753397363,0.0789317646458783,0.0911832492848575,0.1468281473508907,0.0849789455373879,0.1468036244097214
320,320.0,0.0912378985826958,0.2155255947435332,0.1450349926531369,0.0791688349290526,0.091629730849635,0.1463415991611155,0.0848921098055259,0.1461692392753047
321,321.0,0.0915657987476023,0.2157889529303359,0.1449484965244885,0.0794057534471122,0.0920078644580355,0.1458037994384217,0.0848066721981418,0.1456726622558619
322,322.0,0.0918899162173618,0.2159081135881043,0.144834046513388,0.0796381160824681,0.0923191685705829,0.1454995649655662,0.0847216265053977,0.1451894475571306
323,323.0,0.0922088514579956,0.215982609961258,0.1447047662717709,0.0798737052875057,0.0925703732015905,0.1452928485665557,0.0846384305919047,0.1447284146614186
324,324.0,0.0925550624385538,0.2162081704236069,0.1442497474772744,0.0801503916659508,0.0927997182047171,0.1453555391409839,0.0845888461236458,0.144092524525267
325,325.0,0.0928786028206065,0.2164760300364605,0.1436781272485305,0.0806136204134188,0.0929743731198531,0.1453551550901458,0.0845481294734642,0.1434759617975203
326,326.0,0.0931884745672559,0.2171325919888954,0.1431973349580906,0.0810698339853049,0.0931028042328822,0.1448897766081565,0.0845207861795901,0.1428983974798241
327,327.0,0.0934627134149934,0.2180574196428547,0.1427880285265049,0.0814947045719995,0.0930890658199032,0.144320129257194,0.0844857547116155,0.1423021840549344
328,328.0,0.093708342089113,0.2188294957765479,0.1427981776716622,0.0818965851923575,0.0929523965184703,0.1436704863008112,0.0844470904231882,0.1416974260278494
329,329.0,0.0939055130534661,0.2195564671566653,0.1431675991751503,0.082247626602834,0.0926844144996664,0.1429992022149555,0.0843805430284191,0.141058634268843
330,330.0,0.0940640458826126,0.2200143772980243,0.1438833441777017,0.0825616372740244,0.0923119293811479,0.142451831821383,0.0843060703870236,0.1404067637780823
331,331.0,0.0941852329333538,0.2202161128443444,0.1445417338037747,0.0828381940447172,0.0922171987584329,0.1420294467093019,0.0842245172556648,0.13974756365041
332,332.0,0.0942935083349343,0.2203712878856802,0.1451977472005839,0.0831001881591669,0.092108709173483,0.1416333293112409,0.0841547731820185,0.1391404567528919
333,333.0,0.0943890804982543,0.2204830067221168,0.1458450618570876,0.0833464559418531,0.0919889214183711,0.1412648140297787,0.0840963547010501,0.1385863048314878
334,334.0,0.0943333751366177,0.220415608896891,0.1463391856118625,0.0834372184592366,0.0917212742987757,0.1407859369171812,0.0839098245494125,0.1390575761300226
335,335.0,0.0941039635798156,0.2208733315622424,0.1464768305109432,0.0833603258910697,0.091556341817245,0.1402427102630638,0.0837604249646509,0.139626071410969
336,336.0,0.0938530676773765,0.2211947839857057,0.1465685771883497,0.083626051477158,0.0913027313139043,0.1395406256873453,0.0837291646073255,0.1401849980628345
337,337.0,0.0935981653357089,0.2214801222569785,0.1466437390251163,0.0838769633257025,0.091048769772891,0.1388751261269855,0.0837089289361467,0.1407681852204702
338,338.0,0.0934626881498632,0.2217301044085672,0.1467032228869395,0.0841120336919719,0.0904266615430121,0.1386195784464224,0.0835783359115006,0.1413673749617225
339,339.0,0.0933216561131865,0.2219755506748223,0.1467775812753557,0.0843243161992051,0.0898065958874602,0.1383859896191799,0.0834435965539515,0.1419647136768383
340,340.0,0.0931725937847505,0.2221848530616584,0.1469346002208892,0.0845055230451858,0.0895564958126811,0.1377949177377903,0.0833013735494239,0.1425496427876202
341,341.0,0.0930129607903816,0.2223266649022154,0.1471249686186618,0.0846477116137295,0.0894155733839293,0.1372113646519846,0.0831483585569005,0.1431123974821969
342,342.0,0.0928386847040864,0.2226899225274402,0.1472744823279042,0.0848649359698432,0.0892697948691547,0.1368102211945847,0.0829846339151623,0.1432673244918239
343,343.0,0.0926609453008999,0.2230196567190259,0.1473884270557336,0.0850504287207152,0.0892379517919537,0.1364276760214668,0.0828159130454168,0.1433990013447877
344,344.0,0.0924772358865192,0.2232843474004305,0.1475342666879163,0.0851965510527685,0.088826092082031,0.1361684896729917,0.0830095151425971,0.1435035020747452
345,345.0,0.0923024866499358,0.223409608501372,0.1477617064437434,0.0853214070593232,0.0884203673822921,0.1362061099248473,0.0832010078854582,0.1433773061530276
346,346.0,0.0921270567463526,0.2233949186227004,0.1479691106974205,0.0854198768755029,0.0880285258408221,0.1364331200925203,0.0833941152796149,0.1432332758450659
347,347.0,0.0919422995984192,0.2233115827136332,0.1482114962099268,0.0854841061197635,0.0876354342359207,0.1369367931278153,0.0835692273563982,0.1429090606381227
348,348.0,0.0917592299066101,0.2232441376544909,0.1485993871597871,0.0855204697365548,0.0873053528907779,0.1374171281313911,0.0839569017511148,0.1421973927692728
349,349.0,0.091564873564682,0.2235199145664179,0.1489357118849744,0.0866170196752069,0.0869234498896196,0.1377766569602831,0.084305264613375,0.1403571088454408
350,350.0,0.0912561067484413,0.223601186312898,0.1491025101677362,0.0874297336306802,0.0873847448408632,0.1383066116282032,0.0845081604147701,0.1384109462564074
351,351.0,0.0909491455665485,0.2240860532928706,0.1490360559166316,0.088188536554165,0.0878024482587958,0.1387656368338321,0.0846793837874083,0.1364927397897478
352,352.0,0.0906429744982586,0.2247358491231443,0.1488070371268263,0.0888834223813674,0.0881677015972175,0.1391467840969597,0.0850012598474638,0.1346149713287621
353,353.0,0.0903399460330295,0.2253925687046634,0.1484254024941534,0.0895125735439138,0.0888021939743694,0.139451137877132,0.08528443282511,0.1327917445476281
354,354.0,0.0900454032724313,0.2262206533462537,0.1480154841036742,0.0900815261510923,0.0893762978138288,0.1396869752360647,0.0855351954532591,0.1310384646233957
355,355.0,0.0897610459572822,0.2273844462038008,0.1474015971006068,0.0905898162997186,0.0897792325808494,0.139965102396519,0.0857534869079302,0.1293652725532926
356,356.0,0.089491713670043,0.2285232074164535,0.1466692623231736,0.0910376721813544,0.0901620319387604,0.1402072345155498,0.0859486619198046,0.1279602160348605
357,357.0,0.0891473177560687,0.2295386562617466,0.1468233045215864,0.0912436208254519,0.0903403224854408,0.1403219421396101,0.0860295901541585,0.1265552458559367
358,358.0,0.0888083276357495,0.2306743082771184,0.1469461657697817,0.091378264228936,0.0905471929628958,0.1403472299128804,0.0860633003751574,0.1252352108374806
359,359.0,0.0884845739138098,0.2319165298316277,0.1470579056897052,0.0914581933673822,0.0906902214813934,0.1403105329850483,0.086067087954292,0.1240149547767412
360,360.0,0.0881853335128412,0.2330909812516139,0.1471736450654051,0.0915032064263299,0.0908197401029047,0.140263794946763,0.0860590333303776,0.1229042653637644
361,361.0,0.0880280245501045,0.2344807468629508,0.1473128644257094,0.0915292013581278,0.0905554199384669,0.1402318626985222,0.0859468996336797,0.1219149805324384
362,362.0,0.0878869011226539,0.2359419445972245,0.1474370164813352,0.0915103761828106,0.0902419517518384,0.1401449180680221,0.0858104945652212,0.1210263972308937
363,363.0,0.0877613912608708,0.2374597476217269,0.1475456371414648,0.0914506718621135,0.0898855617752815,0.1400071438376059,0.0856528800121336,0.1202369664888028
364,364.0,0.0877584102162015,0.2399782370051531,0.1468560252732698,0.0915632440839913,0.0887228470880345,0.1399803394953429,0.0854866190555375,0.1196542777824691
365,365.0,0.0877029160966813,0.2426806403404589,0.14561627177484,0.0924121739374889,0.0875167138172709,0.1396875995242313,0.0852666610106537,0.1191170234983749
366,366.0,0.0879361459102536,0.2452583378035525,0.1441235957792201,0.0932332299964162,0.0863320679502172,0.1393949272226765,0.0850471598043594,0.1186745355333043
367,367.0,0.0881578009160589,0.2478804586677209,0.14262249495803,0.0939832733268224,0.0851257655058782,0.1391308116443898,0.0848008305855388,0.1182985643955609
368,368.0,0.0883123181221777,0.2502489218765032,0.1410780729872767,0.0944585158563465,0.0838798109751643,0.1387801719297066,0.0844815405608284,0.1187606476919963
369,369.0,0.0884748588198906,0.2527214693298635,0.1395873423457616,0.0948952850202828,0.0826824326605843,0.1381746777343874,0.0841697713944372,0.1192941626947925
370,370.0,0.0886294999764077,0.2551475825134254,0.1381530935686495,0.0952795651868974,0.0815070085320376,0.1375489733620792,0.0838543934155441,0.1198798834449587
371,371.0,0.0891868982825388,0.2576758045089153,0.1361243429160143,0.0969032964816326,0.0804163555575699,0.1376266829316555,0.0828789058620148,0.1191877134596587
372,372.0,0.0897325132172926,0.2600185793995531,0.1341589660379476,0.0984628905531911,0.0793794422809251,0.1378031871389457,0.081911163146805,0.1185332582253397
373,373.0,0.0902704821157243,0.2621731279337339,0.1322892134071198,0.0999607360106646,0.0784128346925769,0.137992157046128,0.0809716390407243,0.1179298097533281
374,374.0,0.0906862997825919,0.2640817822068165,0.1304692750701702,0.1013330842059416,0.0774642232446341,0.1380805662742512,0.0800119618689756,0.1178728073466188
375,375.0,0.0909245459911496,0.265812785207603,0.1286531578669913,0.1023486175433893,0.076457693079544,0.1379347743268592,0.0789784350347784,0.1188899909496851
