,Unnamed: 0,Total_iterations,Intertwine_two,Add_vertex,Delete_vertex,Invert_path_vertices,Insert_inside_vertex,Delete_inside_vertex,Replace_inside_vertex,Donate_between_routes
0,0.0,0.0,0.125,0.125,0.125,0.125,0.125,0.125,0.125,0.125
1,1.0,0.10900000000000001,0.125,0.125,0.125,0.125,0.125,0.125,0.125,0.125
2,2.0,0.31601,0.125,0.125,0.125,0.125,0.125,0.125,0.125,0.125
3,3.0,0.6191589000000001,0.125,0.125,0.125,0.125,0.125,0.125,0.125,0.125
4,4.0,1.015801321,0.125,0.125,0.125,0.125,0.125,0.125,0.125,0.125
5,5.0,1.50262148669,0.125,0.125,0.125,0.125,0.125,0.125,0.125,0.125
6,6.0,2.0757334209441005,0.125,0.125,0.125,0.125,0.125,0.125,0.125,0.125
7,7.0,2.7307768275633495,0.125,0.125,0.125,0.125,0.125,0.125,0.125,0.125
8,8.0,3.4630081252450404,0.125,0.125,0.125,0.125,0.125,0.125,0.125,0.125
9,9.0,4.2673862119061114,0.125,0.125,0.125,0.125,0.125,0.125,0.125,0.125
10,10.0,5.138652627782014,0.125,0.125,0.125,0.125,0.125,0.125,0.125,0.125
11,11.0,6.071405875792507,0.125,0.125,0.125,0.125,0.125,0.125,0.125,0.125
12,12.0,7.060169740244025,0.125,0.125,0.125,0.125,0.125,0.125,0.125,0.125
13,13.0,8.099455520847952,0.125,0.125,0.125,0.125,0.125,0.125,0.125,0.125
14,14.0,9.183818168183006,0.125,0.125,0.125,0.125,0.125,0.125,0.125,0.125
15,15.0,10.307906369102724,0.125,0.125,0.125,0.125,0.125,0.125,0.125,0.125
16,16.0,11.466506686239443,0.125,0.125,0.125,0.125,0.125,0.125,0.125,0.125
17,17.0,12.654581904800096,0.125,0.125,0.125,0.125,0.125,0.125,0.125,0.125
18,18.0,13.867303782456686,0.125,0.125,0.125,0.125,0.125,0.125,0.125,0.125
19,19.0,15.100080434523047,0.125,0.125,0.125,0.125,0.125,0.125,0.125,0.125
20,20.0,16.348578617037543,0.125,0.125,0.125,0.125,0.125,0.125,0.125,0.125
21,21.0,17.608741195130214,0.125,0.125,0.125,0.125,0.125,0.125,0.125,0.125
22,22.0,18.876800103462312,0.125,0.125,0.125,0.125,0.125,0.125,0.125,0.125
23,23.0,20.14928511992658,0.125,0.125,0.125,0.125,0.125,0.125,0.125,0.125
24,24.0,21.423028783545156,0.125,0.125,0.125,0.125,0.125,0.125,0.125,0.125
25,25.0,22.695167792966423,0.125,0.125,0.125,0.125,0.125,0.125,0.125,0.125
26,26.0,23.963141223515898,0.125,0.125,0.125,0.125,0.125,0.125,0.125,0.125
27,27.0,25.224685898775267,0.125,0.125,0.125,0.125,0.125,0.125,0.125,0.125
28,28.0,26.477829247520948,0.125,0.125,0.125,0.125,0.125,0.125,0.125,0.125
29,29.0,27.720879968916847,0.125,0.125,0.125,0.125,0.125,0.125,0.125,0.125
30,30.0,28.95241681848399,0.125,0.125,0.125,0.125,0.125,0.125,0.125,0.125
31,31.0,30.17127581490958,0.125,0.125,0.125,0.125,0.125,0.125,0.125,0.125
32,32.0,31.376536153543515,0.125,0.125,0.125,0.125,0.125,0.125,0.125,0.125
33,33.0,32.567505096778625,0.125,0.125,0.125,0.125,0.125,0.125,0.125,0.125
34,34.0,33.74370209472243,0.125,0.125,0.125,0.125,0.125,0.125,0.125,0.125
35,35.0,34.90484237192463,0.125,0.125,0.125,0.125,0.125,0.125,0.125,0.125
36,36.0,36.05082019768737,0.125,0.125,0.125,0.125,0.125,0.125,0.125,0.125
37,37.0,37.18169203889697,0.125,0.125,0.125,0.125,0.125,0.125,0.125,0.125
38,38.0,38.29765977559663,0.125,0.125,0.125,0.125,0.125,0.125,0.125,0.125
39,39.0,39.399054140870355,0.125,0.125,0.125,0.125,0.125,0.125,0.125,0.125
40,40.0,40.48631852820801,0.125,0.125,0.125,0.125,0.125,0.125,0.125,0.125
41,41.0,41.55999329152982,0.125,0.125,0.125,0.125,0.125,0.125,0.125,0.125
42,42.0,42.62070064560415,0.125,0.125,0.125,0.125,0.125,0.125,0.125,0.125
43,43.0,43.669130257815,0.125,0.125,0.125,0.125,0.125,0.125,0.125,0.125
44,44.0,44.70602560622662,0.125,0.125,0.125,0.125,0.125,0.125,0.125,0.125
45,45.0,45.73217116373481,0.125,0.125,0.125,0.125,0.125,0.125,0.125,0.125
46,46.0,46.748380453854836,0.125,0.125,0.125,0.125,0.125,0.125,0.125,0.125
47,47.0,47.755485010424316,0.125,0.125,0.125,0.125,0.125,0.125,0.125,0.125
48,48.0,48.7543242612326,0.125,0.125,0.125,0.125,0.125,0.125,0.125,0.125
49,49.0,49.745736344347726,0.125,0.125,0.125,0.125,0.125,0.125,0.125,0.125
50,50.0,50.730549855707864,0.125,0.125,0.125,0.125,0.125,0.125,0.125,0.125
51,51.0,51.70957651737491,0.125,0.125,0.125,0.125,0.125,0.125,0.125,0.125
52,52.0,52.68360474770151,0.125,0.125,0.125,0.125,0.125,0.125,0.125,0.125
53,53.0,53.65339410751842,0.125,0.125,0.125,0.125,0.125,0.125,0.125,0.125
54,54.0,54.61967059027847,0.125,0.125,0.125,0.125,0.125,0.125,0.125,0.125
55,55.0,55.58312271885972,0.125,0.125,0.125,0.125,0.125,0.125,0.125,0.125
56,56.0,56.544398407394254,0.125,0.125,0.125,0.125,0.125,0.125,0.125,0.125
57,57.0,57.504102543001395,0.125,0.125,0.125,0.125,0.125,0.125,0.125,0.125
58,58.0,58.462795239617805,0.125,0.125,0.125,0.125,0.125,0.125,0.125,0.125
59,59.0,59.42099071417639,0.125,0.125,0.125,0.125,0.125,0.125,0.125,0.125
60,60.0,60.379156734137354,0.125,0.125,0.125,0.125,0.125,0.125,0.125,0.125
61,61.0,61.337714584760846,0.125,0.125,0.125,0.125,0.125,0.125,0.125,0.125
62,62.0,62.29703950447439,0.125,0.125,0.125,0.125,0.125,0.125,0.125,0.125
63,63.0,63.257461537171835,0.125,0.125,0.125,0.125,0.125,0.125,0.125,0.125
64,64.0,64.21926675122782,0.125,0.125,0.125,0.125,0.125,0.125,0.125,0.125
65,65.0,65.18269877636592,0.125,0.125,0.125,0.125,0.125,0.125,0.125,0.125
66,66.0,66.14796061122655,0.125,0.125,0.125,0.125,0.125,0.125,0.125,0.125
67,67.0,67.11521665648885,0.125,0.125,0.125,0.125,0.125,0.125,0.125,0.125
68,68.0,68.08459493066005,0.125,0.125,0.125,0.125,0.125,0.125,0.125,0.125
69,69.0,69.05618942810752,0.125,0.125,0.125,0.125,0.125,0.125,0.125,0.125
70,70.0,70.03006258152917,0.125,0.125,0.125,0.125,0.125,0.125,0.125,0.125
71,71.0,71.00624779379335,0.125,0.125,0.125,0.125,0.125,0.125,0.125,0.125
72,72.0,71.98475200689319,0.125,0.125,0.125,0.125,0.125,0.125,0.125,0.125
73,73.0,72.96555827861411,0.125,0.125,0.125,0.125,0.125,0.125,0.125,0.125
74,74.0,73.94862834037681,0.125,0.125,0.125,0.125,0.125,0.125,0.125,0.125
75,75.0,74.93390511255946,0.125,0.125,0.125,0.125,0.125,0.125,0.125,0.125
76,76.0,75.93131515639826,0.125,0.125,0.125,0.125,0.125,0.125,0.125,0.125
77,77.0,76.93067104428917,0.125,0.125,0.125,0.125,0.125,0.125,0.125,0.125
78,78.0,77.93178463294811,0.125,0.125,0.125,0.125,0.125,0.125,0.125,0.125
79,79.0,78.93446901641168,0.125,0.125,0.125,0.125,0.125,0.125,0.125,0.125
80,80.0,79.93854027136479,0.125,0.125,0.125,0.125,0.125,0.125,0.125,0.125
81,81.0,80.94381899810892,0.125,0.125,0.125,0.125,0.125,0.125,0.125,0.125
82,82.0,81.96013166219757,0.125,0.125,0.125,0.125,0.125,0.125,0.125,0.125
83,83.0,82.97721174325537,0.125,0.125,0.125,0.125,0.125,0.125,0.125,0.125
84,84.0,83.99481169877484,0.125,0.125,0.125,0.125,0.125,0.125,0.125,0.125
85,85.0,85.0127035417546,0.125,0.125,0.125,0.125,0.125,0.125,0.125,0.125
86,86.0,86.03067916501885,0.125,0.125,0.125,0.125,0.125,0.125,0.125,0.125
87,87.0,87.04855043430649,0.125,0.125,0.125,0.125,0.125,0.125,0.125,0.125
88,88.0,88.0661490723223,0.125,0.125,0.125,0.125,0.125,0.125,0.125,0.125
89,89.0,89.08332635581331,0.125,0.125,0.125,0.125,0.125,0.125,0.125,0.125
90,90.0,90.09995264739709,0.125,0.125,0.125,0.125,0.125,0.125,0.125,0.125
91,91.0,91.11591678334852,0.125,0.125,0.125,0.125,0.125,0.125,0.125,0.125
92,92.0,92.15112533787132,0.125,0.125,0.125,0.125,0.125,0.125,0.125,0.125
93,93.0,93.18530178356312,0.125,0.125,0.125,0.125,0.125,0.125,0.125,0.125
94,94.0,94.2282075668501,0.125,0.125,0.125,0.125,0.125,0.125,0.125,0.125
95,95.0,95.26954069613988,0.125,0.125,0.125,0.125,0.125,0.125,0.125,0.125
96,96.0,96.3090451055393,0.125,0.125,0.125,0.125,0.125,0.125,0.125,0.125
97,97.0,97.34650862294338,0.125,0.125,0.125,0.125,0.125,0.125,0.125,0.125
98,98.0,98.38176070237762,0.125,0.125,0.125,0.125,0.125,0.125,0.125,0.125
99,99.0,99.41466996684466,0.125,0.125,0.125,0.125,0.125,0.125,0.125,0.125
100,100.0,100.44514160519654,0.125,0.125,0.125,0.125,0.125,0.125,0.125,0.125
101,101.0,101.47311466366128,0.125,0.125,0.125,0.125,0.125,0.125,0.125,0.125
102,102.0,102.49855926964293,0.125,0.125,0.125,0.125,0.125,0.125,0.125,0.125
103,103.0,103.52147382232997,0.125,0.125,0.125,0.125,0.125,0.125,0.125,0.125
104,104.0,104.54188218152501,0.125,0.125,0.125,0.125,0.125,0.125,0.125,0.125
105,105.0,105.55983088298531,0.125,0.125,0.125,0.125,0.125,0.125,0.125,0.125
106,106.0,106.57538640546973,0.125,0.125,0.125,0.125,0.125,0.125,0.125,0.125
107,107.0,107.58863251165101,0.125,0.125,0.125,0.125,0.125,0.125,0.125,0.125
108,108.0,108.59966768209765,0.125,0.125,0.125,0.125,0.125,0.125,0.125,0.125
109,109.0,109.60860265867865,0.125,0.125,0.125,0.125,0.125,0.125,0.125,0.125
110,110.0,110.61555811101476,0.125,0.125,0.125,0.125,0.125,0.125,0.125,0.125
111,111.0,111.62066243700713,0.125,0.125,0.125,0.125,0.125,0.125,0.125,0.125
112,112.0,112.62404970603018,0.125,0.125,0.125,0.125,0.125,0.125,0.125,0.125
113,113.0,113.62585775109062,0.125,0.125,0.125,0.125,0.125,0.125,0.125,0.125
114,114.0,114.62622641413411,0.125,0.125,0.125,0.125,0.125,0.125,0.125,0.125
115,115.0,115.62529594673191,0.125,0.125,0.125,0.125,0.125,0.125,0.125,0.125
116,116.0,116.6232055666026,0.125,0.125,0.125,0.125,0.125,0.125,0.125,0.125
117,117.0,117.62009216882021,0.125,0.125,0.125,0.125,0.125,0.125,0.125,0.125
118,118.0,118.61608918912785,0.125,0.125,0.125,0.125,0.125,0.125,0.125,0.125
119,119.0,119.61132561551345,0.125,0.125,0.125,0.125,0.125,0.125,0.125,0.125
120,120.0,120.60592514310535,0.125,0.125,0.125,0.125,0.125,0.125,0.125,0.125
121,121.0,121.60000546650701,0.125,0.125,0.125,0.125,0.125,0.125,0.125,0.125
122,122.0,122.59367770290343,0.125,0.125,0.125,0.125,0.125,0.125,0.125,0.125
123,123.0,123.58704593863118,0.125,0.125,0.125,0.125,0.125,0.125,0.125,0.125
124,124.0,124.58020689139984,0.125,0.125,0.125,0.125,0.125,0.125,0.125,0.125
125,125.0,125.57324967997764,0.125,0.125,0.125,0.125,0.125,0.125,0.125,0.125
126,126.0,126.56625569289788,0.125,0.125,0.125,0.125,0.125,0.125,0.125,0.125
127,127.0,127.55929854759712,0.125,0.125,0.125,0.125,0.125,0.125,0.125,0.125
128,128.0,128.55244413135048,0.125,0.125,0.125,0.125,0.125,0.125,0.125,0.125
129,129.0,129.54575071541498,0.125,0.125,0.125,0.125,0.125,0.125,0.125,0.125
130,130.0,130.53926913391888,0.125,0.125,0.125,0.125,0.125,0.125,0.125,0.125
131,131.0,131.5330430192332,0.125,0.125,0.125,0.125,0.125,0.125,0.125,0.125
132,132.0,132.52710908582372,0.125,0.125,0.125,0.125,0.125,0.125,0.125,0.125
133,133.0,133.521497454897,0.125,0.125,0.125,0.125,0.125,0.125,0.125,0.125
134,134.0,134.516232012514,0.125,0.125,0.125,0.125,0.125,0.125,0.125,0.125
135,135.0,135.51133079424412,0.125,0.125,0.125,0.125,0.125,0.125,0.125,0.125
136,136.0,136.50680638985878,0.125,0.125,0.125,0.125,0.125,0.125,0.125,0.125
137,137.0,137.50266636201343,0.125,0.125,0.125,0.125,0.125,0.125,0.125,0.125
138,138.0,138.49891367333248,0.125,0.125,0.125,0.125,0.125,0.125,0.125,0.125
139,139.0,139.49554711678627,0.125,0.125,0.125,0.125,0.125,0.125,0.125,0.125
140,140.0,140.49256174472683,0.125,0.125,0.125,0.125,0.125,0.125,0.125,0.125
141,141.0,141.48994929242608,0.125,0.125,0.125,0.125,0.125,0.125,0.125,0.125
142,142.0,142.48769859243114,0.125,0.125,0.125,0.125,0.125,0.125,0.125,0.125
143,143.0,143.48579597651135,0.125,0.125,0.125,0.125,0.125,0.125,0.125,0.125
144,144.0,144.48422566241842,0.125,0.125,0.125,0.125,0.125,0.125,0.125,0.125
145,145.0,145.48297012311062,0.125,0.125,0.125,0.125,0.125,0.125,0.125,0.125
146,146.0,146.4820104365025,0.125,0.125,0.125,0.125,0.125,0.125,0.125,0.125
147,147.0,147.48132661419015,0.125,0.125,0.125,0.125,0.125,0.125,0.125,0.125
148,148.0,148.48089790796715,0.125,0.125,0.125,0.125,0.125,0.125,0.125,0.125
149,149.0,149.48070309328676,0.125,0.125,0.125,0.125,0.125,0.125,0.125,0.125
150,150.0,150.48072072914158,0.125,0.125,0.125,0.125,0.125,0.125,0.125,0.125
151,151.0,151.4809293941195,0.125,0.125,0.125,0.125,0.125,0.125,0.125,0.125
152,152.0,152.4813078986584,0.125,0.125,0.125,0.125,0.125,0.125,0.125,0.125
153,153.0,153.48183547375683,0.125,0.125,0.125,0.125,0.125,0.125,0.125,0.125
154,154.0,154.48249193660786,0.125,0.125,0.125,0.125,0.125,0.125,0.125,0.125
155,155.0,155.48325783380773,0.125,0.125,0.125,0.125,0.125,0.125,0.125,0.125
156,156.0,156.48411456294951,0.125,0.125,0.125,0.125,0.125,0.125,0.125,0.125
157,157.0,157.48504447354762,0.125,0.125,0.125,0.125,0.125,0.125,0.125,0.125
158,158.0,158.48603094835045,0.125,0.125,0.125,0.125,0.125,0.125,0.125,0.125
159,159.0,159.48705846618947,0.125,0.125,0.125,0.125,0.125,0.125,0.125,0.125
160,160.0,160.48811264758274,0.125,0.125,0.125,0.125,0.125,0.125,0.125,0.125
161,161.0,161.48918028436083,0.125,0.125,0.125,0.125,0.125,0.125,0.125,0.125
162,162.0,162.4902493546175,0.125,0.125,0.125,0.125,0.125,0.125,0.125,0.125
163,163.0,163.49130902430232,0.125,0.125,0.125,0.125,0.125,0.125,0.125,0.125
164,164.0,164.49234963677563,0.125,0.125,0.125,0.125,0.125,0.125,0.125,0.125
165,165.0,165.49336269163388,0.125,0.125,0.125,0.125,0.125,0.125,0.125,0.125
166,166.0,166.49434081408995,0.125,0.125,0.125,0.125,0.125,0.125,0.125,0.125
167,167.0,167.49527771615953,0.125,0.125,0.125,0.125,0.125,0.125,0.125,0.125
168,168.0,168.49616815086054,0.125,0.125,0.125,0.125,0.125,0.125,0.125,0.125
169,169.0,169.49700786058284,0.125,0.125,0.125,0.125,0.125,0.125,0.125,0.125
170,170.0,170.4977935207271,0.125,0.125,0.125,0.125,0.125,0.125,0.125,0.125
171,171.0,171.49852267964965,0.125,0.125,0.125,0.125,0.125,0.125,0.125,0.125
172,172.0,172.49919369588346,0.125,0.125,0.125,0.125,0.125,0.125,0.125,0.125
173,173.0,173.49980567353504,0.125,0.125,0.125,0.125,0.125,0.125,0.125,0.125
174,174.0,174.5003583966861,0.125,0.125,0.125,0.125,0.125,0.125,0.125,0.125
175,175.0,175.5008522635552,0.125,0.125,0.125,0.125,0.125,0.125,0.125,0.125
176,176.0,176.50128822110185,0.125,0.125,0.125,0.125,0.125,0.125,0.125,0.125
177,177.0,177.50166770068282,0.125,0.125,0.125,0.125,0.125,0.125,0.125,0.125
178,178.0,178.50199255529884,0.125,0.125,0.125,0.125,0.125,0.125,0.125,0.125
179,179.0,179.5022649989003,0.125,0.125,0.125,0.125,0.125,0.125,0.125,0.125
180,180.0,180.5024875481526,0.125,0.125,0.125,0.125,0.125,0.125,0.125,0.125
181,181.0,181.50266296699814,0.125,0.125,0.125,0.125,0.125,0.125,0.125,0.125
182,182.0,182.50279421428914,0.125,0.125,0.125,0.125,0.125,0.125,0.125,0.125
183,183.0,183.50288439470816,0.125,0.125,0.125,0.125,0.125,0.125,0.125,0.125
184,184.0,184.50293671313818,0.125,0.125,0.125,0.125,0.125,0.125,0.125,0.125
185,185.0,185.50295443259387,0.125,0.125,0.125,0.125,0.125,0.125,0.125,0.125
186,186.0,186.50294083577802,0.125,0.125,0.125,0.125,0.125,0.125,0.125,0.125
187,187.0,187.50289919028597,0.125,0.125,0.125,0.125,0.125,0.125,0.125,0.125
188,188.0,188.50283271744027,0.125,0.125,0.125,0.125,0.125,0.125,0.125,0.125
189,189.0,189.50274456470473,0.125,0.125,0.125,0.125,0.125,0.125,0.125,0.125
190,190.0,190.5026377815957,0.125,0.125,0.125,0.125,0.125,0.125,0.125,0.125
191,191.0,191.50251529898162,0.125,0.125,0.125,0.125,0.125,0.125,0.125,0.125
192,192.0,192.50237991163914,0.125,0.125,0.125,0.125,0.125,0.125,0.125,0.125
193,193.0,193.50223426391452,0.125,0.125,0.125,0.125,0.125,0.125,0.125,0.125
194,194.0,194.5020808383232,0.125,0.125,0.125,0.125,0.125,0.125,0.125,0.125
195,195.0,195.5019219469078,0.125,0.125,0.125,0.125,0.125,0.125,0.125,0.125
196,196.0,196.50175972516485,0.125,0.125,0.125,0.125,0.125,0.125,0.125,0.125
197,197.0,197.50159612834454,0.125,0.125,0.125,0.125,0.125,0.125,0.125,0.125
198,198.0,198.5014329299228,0.125,0.125,0.125,0.125,0.125,0.125,0.125,0.125
199,199.0,199.501271722044,0.125,0.125,0.125,0.125,0.125,0.125,0.125,0.125
200,200.0,200.50111391773268,0.12486111111111112,0.12486111111111112,0.12486111111111112,0.12486111111111112,0.12486111111111112,0.12486111111111112,0.12597222222222224,0.12486111111111112
201,201.0,201.50096075467516,0.12461250000000001,0.12461250000000001,0.12561250000000002,0.12461250000000001,0.12461250000000001,0.12461250000000001,0.1267125,0.12461250000000001
202,202.0,202.50081330037662,0.12427671590909094,0.12427671590909094,0.12708489772727274,0.12427671590909094,0.12427671590909094,0.12427671590909094,0.12725480681818183,0.12427671590909094
203,203.0,203.5006724585042,0.12387189458333336,0.12470522791666669,0.12830966125,0.12387189458333336,0.12387189458333336,0.12387189458333336,0.12762563791666667,0.12387189458333336
204,204.0,204.50053897623394,0.1232741783246601,0.12563763986312163,0.12917265522675797,0.1232741783246601,0.1232741783246601,0.1243852894357712,0.127707702175709,0.1232741783246601
205,205.0,205.5004134524284,0.1235254699305856,0.1270006539965196,0.12972355731950663,0.12252546993058559,0.12252546993058559,0.12462546993058557,0.12754843903104607,0.12252546993058559
206,206.0,206.5002963464791,0.12341948012971511,0.1285894669587194,0.13097487533252705,0.12152038922062422,0.12152038922062422,0.1244984801297151,0.12704743887836004,0.12242948012971512
207,207.0,207.50018798765996,0.12328282380056384,0.12993552415713222,0.13205444410405148,0.12050263289147295,0.12112763289147294,0.12433213380056382,0.12645308455417922,0.12231172380056383
208,208.0,208.50008858484614,0.12391864925134878,0.13094220595562978,0.13374862653064498,0.1193732702513488,0.12058025554546643,0.1237007986272846,0.12567101449601908,0.12206517934225787
209,209.0,209.49999823646522,0.12433098373940807,0.1318230666769316,0.13530252655265948,0.11821208621728686,0.11998961195258097,0.12300338755903549,0.12481823987268979,0.12252009742940806
210,210.0,210.49991694055777,0.12457102984322813,0.13345888516913787,0.13710144267949498,0.11693048795975236,0.11922986862560203,0.12211741574816473,0.12377429233911033,0.12281657763550993
211,211.0,211.49984460483546,0.12480802770490057,0.13502986629376545,0.13881611943351863,0.11570774464837379,0.11850935650062053,0.12125442251645496,0.12275255219105326,0.12312191071131318
212,212.0,212.49978105663703,0.12492880105891231,0.13730456175410374,0.14032672287336026,0.11443908711053824,0.1177202464675754,0.12030962882719606,0.12164990498033582,0.12332104692797852
213,213.0,213.49972605269207,0.12495285553158023,0.14112621679834192,0.14064764520513062,0.11315088425336065,0.11688638032669439,0.11930975357212645,0.12049455879442211,0.12343170551834401
214,214.0,214.4996792886147,0.12392346085015038,0.14633171689744556,0.14066181703349084,0.11172514435451872,0.1158877440673416,0.11813747537754961,0.11917050870986262,0.12416213270964102
215,215.0,215.49964040805892,0.12283533513092612,0.15182706776638236,0.14052885094457754,0.11031895777124658,0.11487988031803702,0.11695083657344127,0.11783694487144679,0.1248221266239427
216,216.0,216.49960901147816,0.12150595978560619,0.1571050596462084,0.14188369925991612,0.108745158088547,0.11367451751599589,0.11556386665952274,0.11630888134367144,0.1252128577005326
217,217.0,217.49958466444065,0.11998490804240784,0.16190621028859833,0.14382210731400324,0.1071125016894468,0.11237971627076936,0.11408672552217128,0.11546653657623814,0.12524129429636538
218,218.0,218.49956690546247,0.11845614180813467,0.1667848543155338,0.14562186285795098,0.10553509225146851,0.11110925988101968,0.11263509313699514,0.11464934589037075,0.1252083498585268
219,219.0,219.49955525332751,0.11693691067042737,0.17076703170586674,0.1481891149726152,0.10402436964907016,0.10987460890128714,0.11122212542881904,0.11386415626096186,0.12512168241095284
220,220.0,220.4995492138728,0.11696899525193058,0.17463984453295472,0.1503009646526831,0.10251375014307784,0.10860950701872743,0.10978306332538479,0.11227136642778898,0.12491250864745289
221,221.0,221.4995482862248,0.11671950170379033,0.17824698952207507,0.152061135470439,0.10089308598999076,0.10831551782463987,0.10820966325833246,0.11124901408723355,0.12430509214349925
222,222.0,222.49955196847935,0.11649260642142803,0.18122589277674214,0.15366181615201113,0.09936421084412383,0.10859940827966635,0.10670571557276895,0.1102820444186568,0.12366830553460303
223,223.0,223.49955976282365,0.11628831853108951,0.18410958943785458,0.15510294890420215,0.0979332345562137,0.10890055151434522,0.105279314507401,0.10937458885154663,0.12301145369734748
224,224.0,224.4995711801053,0.11596343771633541,0.18635595618061288,0.15681452330771645,0.09655693264244153,0.109166341144179,0.10388922504996048,0.10843440712290618,0.12281917683584832
225,225.0,225.49958574385775,0.11618327207775483,0.1882645956627582,0.15834642707243418,0.0952662197321503,0.10944170225240146,0.10256833598184811,0.10749798318998441,0.12243146403066875
226,226.0,226.49960299379634,0.11644115175411623,0.18988769421553037,0.15973880822458783,0.09410294405409483,0.10976042408009153,0.10136043615481219,0.10664930551253865,0.12205923600422858
227,227.0,227.4996224888031,0.11670904839551678,0.19097783468659874,0.16094840517062226,0.0930443496201871,0.11007169329373546,0.10024466062137041,0.10586644122015076,0.12213756699181871
228,228.0,228.49964380942117,0.11658444828803159,0.1915740235629916,0.16281416904228374,0.09209027192398209,0.1103725778098629,0.09922267238112849,0.10515035529086955,0.12219148170085022
229,229.0,229.49966655988322,0.11642022675696027,0.19186903028648788,0.1649861165795406,0.09119348406583384,0.11063257781149127,0.09824899658433112,0.1044552147448394,0.12219435317051573
230,230.0,230.49969036970026,0.11618850352866142,0.19209204562020837,0.167356447287172,0.09034185625123645,0.11081969711874351,0.0973131700553201,0.1037705077599138,0.12211777237874448
231,231.0,231.4997148948386,0.11601056398040224,0.19190032020533598,0.16831251883500692,0.09056105995717373,0.11116268169435727,0.09664445753782004,0.10332572945504467,0.12208266833485928
232,232.0,232.4997398185147,0.11637413947599168,0.19162675752539088,0.16885815446550473,0.0907145955523084,0.11140884550207057,0.09598954970756979,0.10286804969699001,0.1221599080741741
233,233.0,233.49976485163805,0.11668466018680641,0.191567809179212,0.1692697261848789,0.0909017926010675,0.11159112641131379,0.09537973146526318,0.10242945171976522,0.12217570225169318
234,234.0,234.4997897329327,0.1173486594422253,0.19141834695027532,0.16893316942751632,0.09108097657542925,0.11167724649026277,0.09478015562235718,0.10277254554033884,0.12198889995159515
235,235.0,235.49981422876854,0.11792029426343743,0.19101586237094445,0.1686139920276114,0.09193758407804636,0.11166916431289056,0.09417709262716917,0.10301601564174519,0.12164999467815558
236,236.0,236.49983813273312,0.11840600399702263,0.19039277377204739,0.16779145055044614,0.09265372043793288,0.11281990168173367,0.09357984107625045,0.10317305619900544,0.12118325228556157
237,237.0,237.4998612649739,0.11885897460385825,0.18962682299098027,0.16712300791741933,0.09338462305411464,0.11390866267507553,0.09304324289013384,0.10334964085986269,0.12070502500855557
238,238.0,238.49988347134087,0.11970639640583913,0.18904922893672818,0.16602963791856767,0.09397852381865995,0.11483526859872834,0.09251885435329806,0.10344668595882738,0.12043540400935135
239,239.0,239.49990462235775,0.12046814376598329,0.1885033955284434,0.1650656999655331,0.09455922361650604,0.11566731974383394,0.09204102380788809,0.10354435756566097,0.12015083600615123
240,240.0,240.49992461204937,0.1211021143174053,0.18795388931554993,0.16414614863653015,0.09499654271094385,0.1163212320726617,0.09156751425814832,0.10355759014477443,0.12035496854398632
241,241.0,241.4999433566513,0.12163551222322488,0.18788109136389633,0.16289487299441457,0.09531266731054486,0.11724644849209719,0.09111337944094883,0.103506181308206,0.12040984686666738
242,242.0,242.49996079322653,0.12205123925165089,0.18819393075255048,0.1618769625664947,0.09550666610198016,0.11799350674165739,0.09067051672092696,0.10338681127234098,0.12032036659239846
243,243.0,243.49997687821198,0.1224155105332314,0.1885839743668778,0.1608318737876226,0.09569164374646319,0.1186757691336331,0.09028623605446463,0.10328089016107296,0.12023410221663436
244,244.0,244.4999915859168,0.12272903469718605,0.1890439696277376,0.1597715840317086,0.09586625546591977,0.11929209839721394,0.08995812492654595,0.1031877351767304,0.1201511976769577
245,245.0,245.50000490699196,0.12261079666818335,0.18946857141786802,0.15913378447583423,0.09603831446293075,0.11985997000714907,0.08969237022186848,0.1031155239837369,0.1200806687624292
246,246.0,246.50001684688968,0.12244977043042447,0.1898109192202869,0.15869183486478505,0.09619097080438595,0.12033239716654984,0.08947000922977025,0.10304749969950287,0.12000659858429473
247,247.0,247.50002742432872,0.12222220644068187,0.19001613884238083,0.15834723786633084,0.09623652003378191,0.12065452393551535,0.08925928756243356,0.10345136127290581,0.11981272404596989
248,248.0,248.50003666978054,0.12185183179200691,0.19033922067560693,0.15740584429081045,0.09615264662693357,0.12066734744090361,0.0903330890391541,0.10374331075935093,0.1195067093752336
249,249.0,249.50004462398942,0.1214507107467414,0.19071726125322153,0.1564821258829462,0.09605612368746708,0.12061955874778982,0.09143378686526363,0.10403461197860284,0.11920582083796763
250,250.0,250.50005133653752,0.1210419719357457,0.19106077039126634,0.15595673794794265,0.09595720278841327,0.1201765968865611,0.09255570581793648,0.10433043813556264,0.11892057609657194
251,251.0,251.50005686446542,0.1206136578010137,0.19092748396628956,0.1554568660237461,0.09637502536285057,0.11968703064138074,0.09367710123364509,0.10461897511354544,0.11864385985752894
252,252.0,252.50006127095588,0.12005403717043074,0.1907266085562509,0.15481435380373484,0.0970835088956289,0.1189252193868773,0.09548739496700138,0.10472783651861253,0.11818104070146353
253,253.0,253.50006462408774,0.11986323336812633,0.19047649361018085,0.15405484580517215,0.09757788763434,0.11793714702135363,0.09785061943677432,0.10467922130985116,0.1175605518142017
254,254.0,254.50006699566552,0.11965076269378559,0.19022464457122357,0.15313318002144208,0.09796171210808731,0.11693121965546627,0.10017539011216531,0.1045768800382485,0.1173462107995815
255,255.0,255.5000684601289,0.11906084677911188,0.19010424189345898,0.15228629437214333,0.09892078379677925,0.11574024773170219,0.10213534753281453,0.10433712690446205,0.11741511098952792
256,256.0,256.5000690935446,0.11828459642328783,0.19029260013448937,0.15128722061595934,0.09959831807133551,0.11430640893696466,0.10391711517636755,0.1038981110600722,0.11841562958152367
257,257.0,257.50006897268327,0.1175101963521548,0.19049831546051874,0.1504703938301936,0.10022693265804272,0.11286690590263457,0.1055749297560925,0.10344593771275126,0.11940638832761194
258,258.0,258.50006817418125,0.11671972001582308,0.1904861041184483,0.14964881381347628,0.10072540003159983,0.11142196092280857,0.10710798521439804,0.10294284288210467,0.12094717300134139
259,259.0,259.50006677378764,0.11592162683628832,0.18992316940747625,0.14882942807213523,0.10168834034040827,0.10998518634374059,0.10851240792958969,0.1023975343780433,0.12274230669231846
260,260.0,260.50006484569553,0.11509522673312246,0.18906806875272147,0.14838148521602945,0.10248046666718122,0.10848126747805809,0.10958791346050141,0.10180525395640556,0.1251003177359805
261,261.0,261.5000624619557,0.11429375306426744,0.18826701854518788,0.14809921994620345,0.10319521647594886,0.10701623527217372,0.11052663008506075,0.10121876027771262,0.1273831663334454
262,262.0,262.50005969197025,0.11349043665211107,0.1880875720538569,0.14781986280648418,0.1037685973786847,0.10553626884042717,0.11118493365258467,0.1006110483335873,0.12950128028226413
263,263.0,263.50005660206364,0.11273575180614101,0.1879200240485544,0.1475976871683659,0.10429352619903645,0.10414217501179404,0.11174379617517335,0.10003257394105003,0.13153446564988494
264,264.0,264.5000532551271,0.11199561751231596,0.18765456604308348,0.14739243193218737,0.1046960694452743,0.10276577805248457,0.1126487496026827,0.09944943338298498,0.13339735402898675
265,265.0,265.500049710333,0.11119795718254266,0.1872917972122869,0.14712643473429945,0.10493950560182441,0.10137413760463664,0.11334796537570502,0.09878990180570862,0.13593230048299645
266,266.0,266.5000460229149,0.11103968481278084,0.1870107328926618,0.1468932782277004,0.105127210005989,0.10007259341148156,0.11335668879774011,0.09816316312186435,0.13833664872978213
267,267.0,267.5000422440095,0.11174692892087394,0.18671881520865438,0.1466002444274314,0.10517139877139801,0.09877367127191462,0.11318181361680527,0.09748101087470934,0.1403261169082132
268,268.0,268.5000384205545,0.11248942426077786,0.18650547462594397,0.14633723702023815,0.10516724471446301,0.09698312604804508,0.1129247115851969,0.09683734860405034,0.14275543314128483
269,269.0,269.5000345952395,0.11310443579249477,0.1860844034858703,0.14602731642941977,0.10525165979175834,0.0952211400656851,0.11251987920873573,0.09615873654728423,0.14563242867875192
270,270.0,270.5000308065036,0.11366347465730647,0.18612176072117134,0.1458366304407472,0.10521808271322733,0.09352579677320873,0.11191141814268679,0.09548486659974992,0.14823796995190236
271,271.0,271.50002708857625,0.11377596431114856,0.18585241797970373,0.1456555360654199,0.1058317867465833,0.09192570249446667,0.11114460902245572,0.09523124782926876,0.15058273555095353
272,272.0,272.50002347155583,0.11421041384713009,0.1860456295813785,0.14542597613766192,0.10624047686065985,0.09038806063874316,0.11021906672791787,0.09493260114362151,0.15253777506288732
273,273.0,273.5000199815219,0.11450741358320657,0.1862325755443863,0.14525961428050033,0.10651678858084862,0.0888898267383886,0.10918495083327713,0.0946016572639791,0.15480717317541354
274,274.0,274.50001664067617,0.11469150763553529,0.18643552716885198,0.14506004726047528,0.10668999693967043,0.08746133884568298,0.10879704208058923,0.09425597722931775,0.15660856283987726
275,275.0,275.5000134675082,0.11487457614263355,0.18664736374536503,0.14489263004881803,0.10683224838618313,0.0861664166117684,0.10840825107330856,0.09395347141670124,0.15822504257522227
276,276.0,276.50001047698197,0.11495548058042536,0.18684725310101258,0.14455974340543581,0.10692739078520955,0.08498682738116195,0.10800472863502429,0.09368393480607975,0.16003464130565087
277,277.0,277.5000076807386,0.11501629094294963,0.18703362712238433,0.1443585740643047,0.10697841967556763,0.08392206980389848,0.10759121919127916,0.09344638387238982,0.1616534153272264
278,278.0,278.50000508731216,0.11505389082959015,0.1872617877232141,0.14427113156413343,0.10697340619750836,0.08296301984683375,0.10716456809347417,0.09323585133548387,0.1630763444097623
279,279.0,279.50000270235523,0.11507288965349796,0.18774391063171328,0.14403120417540838,0.10693085008255826,0.08211475527710597,0.1071210294321962,0.09305476969584632,0.1639305910516738
280,280.0,280.50000052887043,0.11507061784812922,0.18806445899178698,0.1440888566091779,0.10683970612990384,0.08136671207007606,0.10706860537264876,0.09289802061434535,0.1646030223639321
281,281.0,281.4999985674454,0.11455179779609452,0.18835617255955908,0.1442582443495712,0.10671811397143793,0.08072218672549593,0.1075145468992057,0.092767657427958,0.16511128027067784
282,282.0,282.4999968164884,0.11398454322069357,0.1889609033757309,0.14446434138688974,0.10642700594284003,0.08012429839443419,0.10817671599699105,0.0925812182163309,0.1652809734660898
283,283.0,283.49999527246223,0.11339131752220832,0.1898563846827489,0.1447439292019958,0.10604904126444978,0.07959913017386143,0.10871743699871685,0.09239691224496349,0.16524584791105565
284,284.0,284.49999393011404,0.11262761254934417,0.19085574692372778,0.14526930408982605,0.10539017302179379,0.07897839670111909,0.1100739367625628,0.09202396858532416,0.16478086136630235
285,285.0,285.49999278269956,0.11176107225587789,0.19150799251622766,0.14576063278908274,0.10461123140048414,0.07833272557466654,0.11236655529432943,0.09156396432288513,0.16409582584644666
286,286.0,286.49999182219955,0.11088843152756186,0.19244135407135057,0.1462882407554622,0.10376308504100532,0.077745359161799,0.11450727727359816,0.0911082935348661,0.16325795863435696
287,287.0,287.4999910395275,0.10993031279147346,0.19347857204744204,0.14676834843138026,0.10278113118166127,0.07713077128568395,0.11622419296313095,0.09148175010112,0.16220492119810825
288,288.0,288.49999042472746,0.10890995009976889,0.1942252466848719,0.1472102917830761,0.10169290594428085,0.07733626836875872,0.11755820164960692,0.09170913785396465,0.1613579976156721
289,289.0,289.4999899671601,0.10793449509912875,0.1949226524060363,0.1476389740423525,0.10063833465093569,0.07761851056847546,0.11881672582241715,0.09195734741350928,0.16047295999714503
290,290.0,290.4999896556779,0.10694174200298341,0.19614929112589918,0.14797386391828807,0.09916241165796973,0.0778320618162337,0.12035875355522495,0.09209024237191629,0.15949163355148482
291,291.0,291.4999894787871,0.10595554079012443,0.19750274540929472,0.14793784904774965,0.09767972849905882,0.0779963791355621,0.12235901720929244,0.09212813421286783,0.15844060569605015
292,292.0,292.49998942479755,0.1049669111976864,0.19855237113739033,0.14782417659249522,0.09618212215524244,0.07876797590586523,0.12435460181538599,0.09206813657095307,0.15728370462498142
293,293.0,293.49998948195895,0.10402529966992159,0.19945609016752294,0.14767166784967828,0.09471557282217162,0.0795574498354895,0.12649305668348984,0.09200281282410486,0.1560780501476215
294,294.0,294.4999896385846,0.10314490576219451,0.20063893401073452,0.14718652021040982,0.0934725130591822,0.08036439846124516,0.1284113728251776,0.09193778356178872,0.1548435721092676
295,295.0,295.4999898831619,0.10232163255650557,0.2019519942360304,0.14668550964207436,0.0922888294581455,0.0811749480552374,0.13011089526252947,0.09187143598764695,0.15359475480183044
296,296.0,296.49999020444983,0.10088820866998036,0.20264516978666336,0.14683938389413767,0.09112121039552261,0.0812739301783069,0.13195317780782162,0.09217285690195962,0.15310606236560792
297,297.0,297.4999905915645,0.09951920109073172,0.20349543389039854,0.1469684849321321,0.09000835047266427,0.0813611243002236,0.13356705708751476,0.09246719774362692,0.15261315048270815
298,298.0,298.4999910340521,0.09843844299711585,0.20445921746554302,0.14692618796651635,0.08894405779429353,0.0812908242832113,0.13561186389111804,0.09221505409103435,0.15211435151116762
299,299.0,299.4999915219503,0.09739096674223979,0.20525147529896048,0.14695093500160897,0.087914667125466,0.08112588808435743,0.13790621123609592,0.09190241131663372,0.1515574451946377
300,300.0,300.49999204583924,0.09638547127265423,0.20604820064707624,0.14692867788621544,0.08692448674868496,0.08147119488318912,0.1397547715712547,0.09155134947957709,0.1509358475113482
301,301.0,301.4999925968809,0.0954076518387495,0.20681442331072597,0.14669970811043387,0.08595369068387215,0.0820358841594235,0.141707874295083,0.09114160969484421,0.1502391579068677
302,302.0,302.49999316684955,0.0944824868835786,0.20741948739044092,0.14643497737363814,0.08503237967213977,0.08249976729028027,0.1433959159521509,0.09070782981282402,0.15002715562494728
303,303.0,303.49999374815286,0.09361359795845522,0.20802756279398768,0.14614034442893292,0.08416408901756776,0.08286792140862397,0.14467806404603997,0.09025638699170084,0.15025203335469156
304,304.0,304.4999943338443,0.09281447793273688,0.20857514659553092,0.1458079304550855,0.08334657268822988,0.08319626732254237,0.146002465099827,0.08979203181421917,0.15046510809182823
305,305.0,305.49999491762816,0.09210414956249507,0.2090473931722185,0.14570205970397482,0.0826214705790123,0.0832931130352752,0.14717116819902076,0.08934947306378375,0.15071117268421957
306,306.0,306.49999549385734,0.09147408932755798,0.2095685712706476,0.1455987367485987,0.08197329701234198,0.08336954464540015,0.14813407500147596,0.08892420904686774,0.15095747694710987
307,307.0,307.49999605752504,0.09091224362483816,0.20987965382715873,0.14547509263371106,0.08138518109081325,0.08391151685017541,0.14925599712007137,0.08849678052672698,0.15068353432650503
308,308.0,308.4999966042508,0.09042243259955665,0.2101193203718556,0.14533842427202256,0.08086741753663512,0.08454828824330791,0.1502123436561191,0.08807583094272162,0.1504159423777814
309,309.0,309.4999971302614,0.0900018635889306,0.21076894545332164,0.14528585422877036,0.08042204313757766,0.085153981530361,0.15052130591523533,0.08767928389194929,0.15016672225385405
310,310.0,310.4999976323684,0.08986127381203488,0.21160613121992405,0.14528390827819915,0.0800097284525535,0.08562377230905324,0.15049625788707927,0.08727848769490673,0.1498404403462491
311,311.0,311.49999810794094,0.08978945414785432,0.2122173537812686,0.14529063005961906,0.07967167356159847,0.08606573373643041,0.15051808179911846,0.08690878096620014,0.1495382919479104
312,312.0,312.4999985548768,0.0897586007601142,0.21267767843601013,0.14528344056037185,0.07938218801257022,0.08684619450131562,0.1503068407980203,0.08654910680463797,0.1491959501269597
313,313.0,313.4999989715704,0.08978440607452841,0.21307551380618356,0.14528328332299717,0.07915879024624684,0.08759233123114035,0.15000483690199262,0.0862215392146019,0.1488792992023092
314,314.0,314.4999993568789,0.0898524427663768,0.21338762026246233,0.14535748390456588,0.07898860206066052,0.08829161156075188,0.1496156630381281,0.08592189151415944,0.14858468489289509
315,315.0,315.49999971008776,0.08996546039222197,0.21364240881534663,0.145436640027572,0.07887565744081795,0.08894938138809991,0.14915958100307353,0.08565419472196786,0.14831667621090017
316,316.0,316.50000003087484,0.09011783068240581,0.2140471450023001,0.14531538294398874,0.07881536147634315,0.08956321406513729,0.1486478424342985,0.08541793071512402,0.14807529268040245
317,317.0,317.5000003192744,0.09029593140228648,0.21445315391653086,0.14526802776980063,0.07879488899603798,0.0901232017148186,0.14783906466653227,0.0852082372225085,0.14801749431148475
318,318.0,318.50000057564137,0.0905906278473974,0.21496486959497957,0.14513213415627577,0.07884049601164346,0.09067265029121815,0.14727366198759292,0.08507088371855037,0.14745467639234244
319,319.0,319.50000080061517,0.09091042393474567,0.21527156949678208,0.1450922753397363,0.0789317646458783,0.09118324928485758,0.14682814735089075,0.08497894553738794,0.14680362440972144
320,320.0,320.50000099508543,0.09123789858269588,0.21552559474353328,0.1450349926531369,0.0791688349290526,0.09162973084963502,0.14634159916111558,0.08489210980552596,0.14616923927530479
321,321.0,321.5000011601578,0.09156579874760232,0.21578895293033595,0.1449484965244885,0.0794057534471122,0.09200786445803551,0.14580379943842173,0.08480667219814185,0.14567266225586195
322,322.0,322.50000129712134,0.09188991621736181,0.21590811358810436,0.14483404651338808,0.07963811608246812,0.09231916857058299,0.1454995649655662,0.08472162650539776,0.14518944755713065
323,323.0,323.5000014074174,0.09220885145799568,0.215982609961258,0.14470476627177098,0.07987370528750576,0.09257037320159052,0.14529284856655572,0.08463843059190472,0.14472841466141867
324,324.0,324.50000149260967,0.09255506243855387,0.2162081704236069,0.14424974747727448,0.08015039166595084,0.09279971820471711,0.14535553914098398,0.0845888461236458,0.14409252452526705
325,325.0,325.5000015543566,0.09287860282060656,0.2164760300364605,0.14367812724853055,0.08061362041341888,0.09297437311985315,0.14535515509014582,0.08454812947346423,0.14347596179752037
326,326.0,326.5000015943852,0.09318847456725594,0.21713259198889548,0.1431973349580906,0.0810698339853049,0.09310280423288228,0.14488977660815652,0.08452078617959019,0.1428983974798241
327,327.0,327.5000016144672,0.09346271341499343,0.21805741964285472,0.1427880285265049,0.08149470457199957,0.09308906581990328,0.14432012925719406,0.08448575471161558,0.14230218405493447
328,328.0,328.5000016163963,0.09370834208911309,0.21882949577654795,0.14279817767166228,0.08189658519235753,0.09295239651847034,0.1436704863008112,0.08444709042318822,0.14169742602784943
329,329.0,329.50000160196845,0.09390551305346612,0.21955646715666538,0.1431675991751503,0.08224762660283405,0.09268441449966643,0.14299920221495557,0.08438054302841917,0.14105863426884305
330,330.0,330.50000157296375,0.09406404588261263,0.2200143772980243,0.14388334417770174,0.0825616372740244,0.0923119293811479,0.14245183182138305,0.08430607038702365,0.14040676377808234
331,331.0,331.5000015311299,0.09418523293335386,0.2202161128443444,0.14454173380377475,0.08283819404471726,0.09221719875843296,0.1420294467093019,0.08422451725566482,0.13974756365041005
