,Unnamed: 0,Total_iterations,Intertwine_two,Invert_path_vertices,Insert_inside_vertex,Delete_inside_vertex,MSC_add_terminal,MSC_del_terminal
0,0.0,0.0,0.16666666666666657,0.16666666666666657,0.16666666666666657,0.16666666666666657,0.16666666666666657,0.16666666666666657
1,1.0,1.0,0.16666666666666657,0.16666666666666657,0.16666666666666657,0.16666666666666657,0.16666666666666657,0.16666666666666657
2,2.0,2.0,0.16666666666666657,0.16666666666666657,0.16666666666666657,0.16666666666666657,0.16666666666666657,0.16666666666666657
3,3.0,3.0,0.16666666666666657,0.16666666666666657,0.16666666666666657,0.16666666666666657,0.16666666666666657,0.16666666666666657
4,4.0,4.0,0.16666666666666657,0.16666666666666657,0.16666666666666657,0.16666666666666657,0.16666666666666657,0.16666666666666657
5,5.0,5.0,0.16666666666666657,0.16666666666666657,0.16666666666666657,0.16666666666666657,0.16666666666666657,0.16666666666666657
6,6.0,6.0,0.16666666666666657,0.16666666666666657,0.16666666666666657,0.16666666666666657,0.16666666666666657,0.16666666666666657
7,7.0,7.0,0.16666666666666657,0.16666666666666657,0.16666666666666657,0.16666666666666657,0.16666666666666657,0.16666666666666657
8,8.0,8.0,0.16666666666666657,0.16666666666666657,0.16666666666666657,0.16666666666666657,0.16666666666666657,0.16666666666666657
9,9.0,9.0,0.16666666666666657,0.16666666666666657,0.16666666666666657,0.16666666666666657,0.16666666666666657,0.16666666666666657
10,10.0,10.0,0.16666666666666657,0.16666666666666657,0.16666666666666657,0.16666666666666657,0.16666666666666657,0.16666666666666657
11,11.0,11.0,0.16666666666666657,0.16666666666666657,0.16666666666666657,0.16666666666666657,0.16666666666666657,0.16666666666666657
12,12.0,12.0,0.16666666666666657,0.16666666666666657,0.16666666666666657,0.16666666666666657,0.16666666666666657,0.16666666666666657
13,13.0,13.0,0.16666666666666657,0.16666666666666657,0.16666666666666657,0.16666666666666657,0.16666666666666657,0.16666666666666657
14,14.0,14.0,0.16666666666666657,0.16666666666666657,0.16666666666666657,0.16666666666666657,0.16666666666666657,0.16666666666666657
15,15.0,15.0,0.16666666666666657,0.16666666666666657,0.16666666666666657,0.16666666666666657,0.16666666666666657,0.16666666666666657
16,16.0,16.0,0.16666666666666657,0.16666666666666657,0.16666666666666657,0.16666666666666657,0.16666666666666657,0.16666666666666657
17,17.0,17.0,0.16666666666666657,0.16666666666666657,0.16666666666666657,0.16666666666666657,0.16666666666666657,0.16666666666666657
18,18.0,18.0,0.16666666666666657,0.16666666666666657,0.16666666666666657,0.16666666666666657,0.16666666666666657,0.16666666666666657
19,19.0,19.0,0.16666666666666657,0.16666666666666657,0.16666666666666657,0.16666666666666657,0.16666666666666657,0.16666666666666657
20,20.0,20.0,0.16666666666666657,0.16666666666666657,0.16666666666666657,0.16666666666666657,0.16666666666666657,0.16666666666666657
21,21.0,21.0,0.16666666666666657,0.16666666666666657,0.16666666666666657,0.16666666666666657,0.16666666666666657,0.16666666666666657
22,22.0,22.0,0.16666666666666657,0.16666666666666657,0.16666666666666657,0.16666666666666657,0.16666666666666657,0.16666666666666657
23,23.0,23.0,0.16666666666666657,0.16666666666666657,0.16666666666666657,0.16666666666666657,0.16666666666666657,0.16666666666666657
24,24.0,24.0,0.16666666666666657,0.16666666666666657,0.16666666666666657,0.16666666666666657,0.16666666666666657,0.16666666666666657
25,25.0,25.0,0.16666666666666657,0.16666666666666657,0.16666666666666657,0.16666666666666657,0.16666666666666657,0.16666666666666657
26,26.0,26.0,0.16666666666666657,0.16666666666666657,0.16666666666666657,0.16666666666666657,0.16666666666666657,0.16666666666666657
27,27.0,27.0,0.16666666666666657,0.16666666666666657,0.16666666666666657,0.16666666666666657,0.16666666666666657,0.16666666666666657
28,28.0,28.0,0.16666666666666657,0.16666666666666657,0.16666666666666657,0.16666666666666657,0.16666666666666657,0.16666666666666657
29,29.0,29.0,0.16666666666666657,0.16666666666666657,0.16666666666666657,0.16666666666666657,0.16666666666666657,0.16666666666666657
30,30.0,30.0,0.16666666666666657,0.16666666666666657,0.16666666666666657,0.16666666666666657,0.16666666666666657,0.16666666666666657
31,31.0,31.0,0.16666666666666657,0.16666666666666657,0.16666666666666657,0.16666666666666657,0.16666666666666657,0.16666666666666657
32,32.0,32.0,0.16666666666666657,0.16666666666666657,0.16666666666666657,0.16666666666666657,0.16666666666666657,0.16666666666666657
33,33.0,33.0,0.16666666666666657,0.16666666666666657,0.16666666666666657,0.16666666666666657,0.16666666666666657,0.16666666666666657
34,34.0,34.0,0.16666666666666657,0.16666666666666657,0.16666666666666657,0.16666666666666657,0.16666666666666657,0.16666666666666657
35,35.0,35.0,0.16666666666666657,0.16666666666666657,0.16666666666666657,0.16666666666666657,0.16666666666666657,0.16666666666666657
36,36.0,36.0,0.16666666666666657,0.16666666666666657,0.16666666666666657,0.16666666666666657,0.16666666666666657,0.16666666666666657
37,37.0,37.0,0.16666666666666657,0.16666666666666657,0.16666666666666657,0.16666666666666657,0.16666666666666657,0.16666666666666657
38,38.0,38.0,0.16666666666666657,0.16666666666666657,0.16666666666666657,0.16666666666666657,0.16666666666666657,0.16666666666666657
39,39.0,39.0,0.16666666666666657,0.16666666666666657,0.16666666666666657,0.16666666666666657,0.16666666666666657,0.16666666666666657
40,40.0,40.0,0.16666666666666657,0.16666666666666657,0.16666666666666657,0.16666666666666657,0.16666666666666657,0.16666666666666657
41,41.0,41.0,0.16666666666666657,0.16666666666666657,0.16666666666666657,0.16666666666666657,0.16666666666666657,0.16666666666666657
42,42.0,42.0,0.16666666666666657,0.16666666666666657,0.16666666666666657,0.16666666666666657,0.16666666666666657,0.16666666666666657
43,43.0,43.0,0.16666666666666657,0.16666666666666657,0.16666666666666657,0.16666666666666657,0.16666666666666657,0.16666666666666657
44,44.0,44.0,0.16666666666666657,0.16666666666666657,0.16666666666666657,0.16666666666666657,0.16666666666666657,0.16666666666666657
45,45.0,45.0,0.16666666666666657,0.16666666666666657,0.16666666666666657,0.16666666666666657,0.16666666666666657,0.16666666666666657
46,46.0,46.0,0.16666666666666657,0.16666666666666657,0.16666666666666657,0.16666666666666657,0.16666666666666657,0.16666666666666657
47,47.0,47.0,0.16666666666666657,0.16666666666666657,0.16666666666666657,0.16666666666666657,0.16666666666666657,0.16666666666666657
48,48.0,48.0,0.16666666666666657,0.16666666666666657,0.16666666666666657,0.16666666666666657,0.16666666666666657,0.16666666666666657
49,49.0,49.0,0.16666666666666657,0.16666666666666657,0.16666666666666657,0.16666666666666657,0.16666666666666657,0.16666666666666657
50,50.0,50.0,0.16666666666666657,0.16666666666666657,0.16666666666666657,0.16666666666666657,0.16666666666666657,0.16666666666666657
51,51.0,51.0,0.16666666666666657,0.16666666666666657,0.16666666666666657,0.16666666666666657,0.16666666666666657,0.16666666666666657
52,52.0,52.0,0.16666666666666657,0.16666666666666657,0.16666666666666657,0.16666666666666657,0.16666666666666657,0.16666666666666657
53,53.0,53.0,0.16666666666666657,0.16666666666666657,0.16666666666666657,0.16666666666666657,0.16666666666666657,0.16666666666666657
54,54.0,54.0,0.16666666666666657,0.16666666666666657,0.16666666666666657,0.16666666666666657,0.16666666666666657,0.16666666666666657
55,55.0,55.0,0.16666666666666657,0.16666666666666657,0.16666666666666657,0.16666666666666657,0.16666666666666657,0.16666666666666657
56,56.0,56.0,0.16666666666666657,0.16666666666666657,0.16666666666666657,0.16666666666666657,0.16666666666666657,0.16666666666666657
57,57.0,57.0,0.16666666666666657,0.16666666666666657,0.16666666666666657,0.16666666666666657,0.16666666666666657,0.16666666666666657
58,58.0,58.0,0.16666666666666657,0.16666666666666657,0.16666666666666657,0.16666666666666657,0.16666666666666657,0.16666666666666657
59,59.0,59.0,0.16666666666666657,0.16666666666666657,0.16666666666666657,0.16666666666666657,0.16666666666666657,0.16666666666666657
60,60.0,60.0,0.16666666666666657,0.16666666666666657,0.16666666666666657,0.16666666666666657,0.16666666666666657,0.16666666666666657
61,61.0,61.0,0.16666666666666657,0.16666666666666657,0.16666666666666657,0.16666666666666657,0.16666666666666657,0.16666666666666657
62,62.0,62.0,0.16666666666666657,0.16666666666666657,0.16666666666666657,0.16666666666666657,0.16666666666666657,0.16666666666666657
63,63.0,63.0,0.16666666666666657,0.16666666666666657,0.16666666666666657,0.16666666666666657,0.16666666666666657,0.16666666666666657
64,64.0,64.0,0.16666666666666657,0.16666666666666657,0.16666666666666657,0.16666666666666657,0.16666666666666657,0.16666666666666657
65,65.0,65.0,0.16666666666666657,0.16666666666666657,0.16666666666666657,0.16666666666666657,0.16666666666666657,0.16666666666666657
66,66.0,66.0,0.16666666666666657,0.16666666666666657,0.16666666666666657,0.16666666666666657,0.16666666666666657,0.16666666666666657
67,67.0,67.0,0.16666666666666657,0.16666666666666657,0.16666666666666657,0.16666666666666657,0.16666666666666657,0.16666666666666657
68,68.0,68.0,0.16666666666666657,0.16666666666666657,0.16666666666666657,0.16666666666666657,0.16666666666666657,0.16666666666666657
69,69.0,69.0,0.16666666666666657,0.16666666666666657,0.16666666666666657,0.16666666666666657,0.16666666666666657,0.16666666666666657
70,70.0,70.0,0.16666666666666657,0.16666666666666657,0.16666666666666657,0.16666666666666657,0.16666666666666657,0.16666666666666657
71,71.0,71.0,0.16666666666666657,0.16666666666666657,0.16666666666666657,0.16666666666666657,0.16666666666666657,0.16666666666666657
72,72.0,72.0,0.16666666666666657,0.16666666666666657,0.16666666666666657,0.16666666666666657,0.16666666666666657,0.16666666666666657
73,73.0,73.0,0.16666666666666657,0.16666666666666657,0.16666666666666657,0.16666666666666657,0.16666666666666657,0.16666666666666657
74,74.0,74.0,0.16666666666666657,0.16666666666666657,0.16666666666666657,0.16666666666666657,0.16666666666666657,0.16666666666666657
75,75.0,75.0,0.16666666666666657,0.16666666666666657,0.16666666666666657,0.16666666666666657,0.16666666666666657,0.16666666666666657
76,76.0,76.0,0.16666666666666657,0.16666666666666657,0.16666666666666657,0.16666666666666657,0.16666666666666657,0.16666666666666657
77,77.0,77.0,0.16666666666666657,0.16666666666666657,0.16666666666666657,0.16666666666666657,0.16666666666666657,0.16666666666666657
78,78.0,78.1,0.16666666666666657,0.16666666666666657,0.16666666666666657,0.16666666666666657,0.16666666666666657,0.16666666666666657
79,79.0,79.1,0.16666666666666657,0.16666666666666657,0.16666666666666657,0.16666666666666657,0.16666666666666657,0.16666666666666657
80,80.0,80.1,0.16666666666666657,0.16666666666666657,0.16666666666666657,0.16666666666666657,0.16666666666666657,0.16666666666666657
81,81.0,81.1,0.16666666666666657,0.16666666666666657,0.16666666666666657,0.16666666666666657,0.16666666666666657,0.16666666666666657
82,82.0,82.2,0.16666666666666657,0.16666666666666657,0.16666666666666657,0.16666666666666657,0.16666666666666657,0.16666666666666657
83,83.0,83.2,0.16666666666666657,0.16666666666666657,0.16666666666666657,0.16666666666666657,0.16666666666666657,0.16666666666666657
84,84.0,84.2,0.16666666666666657,0.16666666666666657,0.16666666666666657,0.16666666666666657,0.16666666666666657,0.16666666666666657
85,85.0,85.2,0.16666666666666657,0.16666666666666657,0.16666666666666657,0.16666666666666657,0.16666666666666657,0.16666666666666657
86,86.0,86.2,0.16666666666666657,0.16666666666666657,0.16666666666666657,0.16666666666666657,0.16666666666666657,0.16666666666666657
87,87.0,87.2,0.16666666666666657,0.16666666666666657,0.16666666666666657,0.16666666666666657,0.16666666666666657,0.16666666666666657
88,88.0,88.2,0.16666666666666657,0.16666666666666657,0.16666666666666657,0.16666666666666657,0.16666666666666657,0.16666666666666657
89,89.0,89.2,0.16666666666666657,0.16666666666666657,0.16666666666666657,0.16666666666666657,0.16666666666666657,0.16666666666666657
90,90.0,90.3,0.16666666666666657,0.16666666666666657,0.16666666666666657,0.16666666666666657,0.16666666666666657,0.16666666666666657
91,91.0,91.3,0.16666666666666657,0.16666666666666657,0.16666666666666657,0.16666666666666657,0.16666666666666657,0.16666666666666657
92,92.0,92.3,0.16666666666666657,0.16666666666666657,0.16666666666666657,0.16666666666666657,0.16666666666666657,0.16666666666666657
93,93.0,93.3,0.16666666666666657,0.16666666666666657,0.16666666666666657,0.16666666666666657,0.16666666666666657,0.16666666666666657
94,94.0,94.3,0.16666666666666657,0.16666666666666657,0.16666666666666657,0.16666666666666657,0.16666666666666657,0.16666666666666657
95,95.0,95.3,0.16666666666666657,0.16666666666666657,0.16666666666666657,0.16666666666666657,0.16666666666666657,0.16666666666666657
96,96.0,96.4,0.16666666666666657,0.16666666666666657,0.16666666666666657,0.16666666666666657,0.16666666666666657,0.16666666666666657
97,97.0,97.4,0.16666666666666657,0.16666666666666657,0.16666666666666657,0.16666666666666657,0.16666666666666657,0.16666666666666657
98,98.0,98.4,0.16666666666666657,0.16666666666666657,0.16666666666666657,0.16666666666666657,0.16666666666666657,0.16666666666666657
99,99.0,99.4,0.16666666666666657,0.16666666666666657,0.16666666666666657,0.16666666666666657,0.16666666666666657,0.16666666666666657
100,100.0,100.4,0.16666666666666657,0.16666666666666657,0.16666666666666657,0.16666666666666657,0.16666666666666657,0.16666666666666657
101,101.0,101.4,0.16666666666666657,0.16666666666666657,0.16666666666666657,0.16666666666666657,0.16666666666666657,0.16666666666666657
102,102.0,102.4,0.16666666666666657,0.16666666666666657,0.16666666666666657,0.16666666666666657,0.16666666666666657,0.16666666666666657
103,103.0,103.4,0.16666666666666657,0.16666666666666657,0.16666666666666657,0.16666666666666657,0.16666666666666657,0.16666666666666657
104,104.0,104.4,0.16666666666666657,0.16666666666666657,0.16666666666666657,0.16666666666666657,0.16666666666666657,0.16666666666666657
105,105.0,105.4,0.16666666666666657,0.16666666666666657,0.16666666666666657,0.16666666666666657,0.16666666666666657,0.16666666666666657
106,106.0,106.4,0.16666666666666657,0.16666666666666657,0.16666666666666657,0.16666666666666657,0.16666666666666657,0.16666666666666657
107,107.0,107.4,0.16666666666666657,0.16666666666666657,0.16666666666666657,0.16666666666666657,0.16666666666666657,0.16666666666666657
108,108.0,108.4,0.16666666666666657,0.16666666666666657,0.16666666666666657,0.16666666666666657,0.16666666666666657,0.16666666666666657
109,109.0,109.4,0.16666666666666657,0.16666666666666657,0.16666666666666657,0.16666666666666657,0.16666666666666657,0.16666666666666657
110,110.0,110.4,0.16666666666666657,0.16666666666666657,0.16666666666666657,0.16666666666666657,0.16666666666666657,0.16666666666666657
111,111.0,111.4,0.16666666666666657,0.16666666666666657,0.16666666666666657,0.16666666666666657,0.16666666666666657,0.16666666666666657
112,112.0,112.4,0.16666666666666657,0.16666666666666657,0.16666666666666657,0.16666666666666657,0.16666666666666657,0.16666666666666657
113,113.0,113.4,0.16666666666666657,0.16666666666666657,0.16666666666666657,0.16666666666666657,0.16666666666666657,0.16666666666666657
114,114.0,114.4,0.16666666666666657,0.16666666666666657,0.16666666666666657,0.16666666666666657,0.16666666666666657,0.16666666666666657
115,115.0,115.4,0.16666666666666657,0.16666666666666657,0.16666666666666657,0.16666666666666657,0.16666666666666657,0.16666666666666657
116,116.0,116.4,0.16666666666666657,0.16666666666666657,0.16666666666666657,0.16666666666666657,0.16666666666666657,0.16666666666666657
117,117.0,117.4,0.16666666666666657,0.16666666666666657,0.16666666666666657,0.16666666666666657,0.16666666666666657,0.16666666666666657
118,118.0,118.4,0.16666666666666657,0.16666666666666657,0.16666666666666657,0.16666666666666657,0.16666666666666657,0.16666666666666657
119,119.0,119.4,0.16666666666666657,0.16666666666666657,0.16666666666666657,0.16666666666666657,0.16666666666666657,0.16666666666666657
120,120.0,120.4,0.16666666666666657,0.16666666666666657,0.16666666666666657,0.16666666666666657,0.16666666666666657,0.16666666666666657
121,121.0,121.4,0.16666666666666657,0.16666666666666657,0.16666666666666657,0.16666666666666657,0.16666666666666657,0.16666666666666657
122,122.0,122.4,0.16666666666666657,0.16666666666666657,0.16666666666666657,0.16666666666666657,0.16666666666666657,0.16666666666666657
123,123.0,123.4,0.16666666666666657,0.16666666666666657,0.16666666666666657,0.16666666666666657,0.16666666666666657,0.16666666666666657
124,124.0,124.4,0.16666666666666657,0.16666666666666657,0.16666666666666657,0.16666666666666657,0.16666666666666657,0.16666666666666657
125,125.0,125.4,0.16666666666666657,0.16666666666666657,0.16666666666666657,0.16666666666666657,0.16666666666666657,0.16666666666666657
126,126.0,126.4,0.16666666666666657,0.16666666666666657,0.16666666666666657,0.16666666666666657,0.16666666666666657,0.16666666666666657
127,127.0,127.4,0.16666666666666657,0.16666666666666657,0.16666666666666657,0.16666666666666657,0.16666666666666657,0.16666666666666657
128,128.0,128.4,0.16666666666666657,0.16666666666666657,0.16666666666666657,0.16666666666666657,0.16666666666666657,0.16666666666666657
129,129.0,129.4,0.16666666666666657,0.16666666666666657,0.16666666666666657,0.16666666666666657,0.16666666666666657,0.16666666666666657
130,130.0,130.4,0.16666666666666657,0.16666666666666657,0.16666666666666657,0.16666666666666657,0.16666666666666657,0.16666666666666657
131,131.0,131.4,0.16666666666666657,0.16666666666666657,0.16666666666666657,0.16666666666666657,0.16666666666666657,0.16666666666666657
132,132.0,132.4,0.16666666666666657,0.16666666666666657,0.16666666666666657,0.16666666666666657,0.16666666666666657,0.16666666666666657
133,133.0,133.4,0.16666666666666657,0.16666666666666657,0.16666666666666657,0.16666666666666657,0.16666666666666657,0.16666666666666657
134,134.0,134.4,0.16666666666666657,0.16666666666666657,0.16666666666666657,0.16666666666666657,0.16666666666666657,0.16666666666666657
135,135.0,135.4,0.16666666666666657,0.16666666666666657,0.16666666666666657,0.16666666666666657,0.16666666666666657,0.16666666666666657
136,136.0,136.4,0.16666666666666657,0.16666666666666657,0.16666666666666657,0.16666666666666657,0.16666666666666657,0.16666666666666657
137,137.0,137.4,0.16666666666666657,0.16666666666666657,0.16666666666666657,0.16666666666666657,0.16666666666666657,0.16666666666666657
138,138.0,138.4,0.16666666666666657,0.16666666666666657,0.16666666666666657,0.16666666666666657,0.16666666666666657,0.16666666666666657
139,139.0,139.4,0.16666666666666657,0.16666666666666657,0.16666666666666657,0.16666666666666657,0.16666666666666657,0.16666666666666657
140,140.0,140.4,0.16666666666666657,0.16666666666666657,0.16666666666666657,0.16666666666666657,0.16666666666666657,0.16666666666666657
141,141.0,141.4,0.16666666666666657,0.16666666666666657,0.16666666666666657,0.16666666666666657,0.16666666666666657,0.16666666666666657
142,142.0,142.4,0.16666666666666657,0.16666666666666657,0.16666666666666657,0.16666666666666657,0.16666666666666657,0.16666666666666657
143,143.0,143.4,0.16666666666666657,0.16666666666666657,0.16666666666666657,0.16666666666666657,0.16666666666666657,0.16666666666666657
144,144.0,144.4,0.16666666666666657,0.16666666666666657,0.16666666666666657,0.16666666666666657,0.16666666666666657,0.16666666666666657
145,145.0,145.4,0.16666666666666657,0.16666666666666657,0.16666666666666657,0.16666666666666657,0.16666666666666657,0.16666666666666657
146,146.0,146.4,0.16666666666666657,0.16666666666666657,0.16666666666666657,0.16666666666666657,0.16666666666666657,0.16666666666666657
147,147.0,147.4,0.16666666666666657,0.16666666666666657,0.16666666666666657,0.16666666666666657,0.16666666666666657,0.16666666666666657
148,148.0,148.4,0.16666666666666657,0.16666666666666657,0.16666666666666657,0.16666666666666657,0.16666666666666657,0.16666666666666657
149,149.0,149.4,0.16666666666666657,0.16666666666666657,0.16666666666666657,0.16666666666666657,0.16666666666666657,0.16666666666666657
150,150.0,150.4,0.16666666666666657,0.16666666666666657,0.16666666666666657,0.16666666666666657,0.16666666666666657,0.16666666666666657
151,151.0,151.4,0.16666666666666657,0.16666666666666657,0.16666666666666657,0.16666666666666657,0.16666666666666657,0.16666666666666657
152,152.0,152.4,0.16666666666666657,0.16666666666666657,0.16666666666666657,0.16666666666666657,0.16666666666666657,0.16666666666666657
153,153.0,153.4,0.16666666666666657,0.16666666666666657,0.16666666666666657,0.16666666666666657,0.16666666666666657,0.16666666666666657
154,154.0,154.4,0.16666666666666657,0.16666666666666657,0.16666666666666657,0.16666666666666657,0.16666666666666657,0.16666666666666657
155,155.0,155.4,0.16666666666666657,0.16666666666666657,0.16666666666666657,0.16666666666666657,0.16666666666666657,0.16666666666666657
156,156.0,156.4,0.16666666666666657,0.16666666666666657,0.16666666666666657,0.16666666666666657,0.16666666666666657,0.16666666666666657
157,157.0,157.4,0.16666666666666657,0.16666666666666657,0.16666666666666657,0.16666666666666657,0.16666666666666657,0.16666666666666657
158,158.0,158.4,0.16666666666666657,0.16666666666666657,0.16666666666666657,0.16666666666666657,0.16666666666666657,0.16666666666666657
159,159.0,159.4,0.16666666666666657,0.16666666666666657,0.16666666666666657,0.16666666666666657,0.16666666666666657,0.16666666666666657
160,160.0,160.4,0.16666666666666657,0.16666666666666657,0.16666666666666657,0.16666666666666657,0.16666666666666657,0.16666666666666657
161,161.0,161.4,0.16666666666666657,0.16666666666666657,0.16666666666666657,0.16666666666666657,0.16666666666666657,0.16666666666666657
162,162.0,162.4,0.16666666666666657,0.16666666666666657,0.16666666666666657,0.16666666666666657,0.16666666666666657,0.16666666666666657
163,163.0,163.4,0.16666666666666657,0.16666666666666657,0.16666666666666657,0.16666666666666657,0.16666666666666657,0.16666666666666657
164,164.0,164.4,0.16666666666666657,0.16666666666666657,0.16666666666666657,0.16666666666666657,0.16666666666666657,0.16666666666666657
165,165.0,165.4,0.16666666666666657,0.16666666666666657,0.16666666666666657,0.16666666666666657,0.16666666666666657,0.16666666666666657
166,166.0,166.4,0.16666666666666657,0.16666666666666657,0.16666666666666657,0.16666666666666657,0.16666666666666657,0.16666666666666657
167,167.0,167.4,0.16666666666666657,0.16666666666666657,0.16666666666666657,0.16666666666666657,0.16666666666666657,0.16666666666666657
168,168.0,168.4,0.16666666666666657,0.16666666666666657,0.16666666666666657,0.16666666666666657,0.16666666666666657,0.16666666666666657
169,169.0,169.4,0.16666666666666657,0.16666666666666657,0.16666666666666657,0.16666666666666657,0.16666666666666657,0.16666666666666657
170,170.0,170.4,0.16666666666666657,0.16666666666666657,0.16666666666666657,0.16666666666666657,0.16666666666666657,0.16666666666666657
171,171.0,171.4,0.16666666666666657,0.16666666666666657,0.16666666666666657,0.16666666666666657,0.16666666666666657,0.16666666666666657
172,172.0,172.4,0.16666666666666657,0.16666666666666657,0.16666666666666657,0.16666666666666657,0.16666666666666657,0.16666666666666657
173,173.0,173.4,0.16666666666666657,0.16666666666666657,0.16666666666666657,0.16666666666666657,0.16666666666666657,0.16666666666666657
174,174.0,174.4,0.16666666666666657,0.16666666666666657,0.16666666666666657,0.16666666666666657,0.16666666666666657,0.16666666666666657
175,175.0,175.4,0.16666666666666657,0.16666666666666657,0.16666666666666657,0.16666666666666657,0.16666666666666657,0.16666666666666657
176,176.0,176.4,0.16666666666666657,0.16666666666666657,0.16666666666666657,0.16666666666666657,0.16666666666666657,0.16666666666666657
177,177.0,177.4,0.16666666666666657,0.16666666666666657,0.16666666666666657,0.16666666666666657,0.16666666666666657,0.16666666666666657
178,178.0,178.4,0.16666666666666657,0.16666666666666657,0.16666666666666657,0.16666666666666657,0.16666666666666657,0.16666666666666657
179,179.0,179.4,0.16666666666666657,0.16666666666666657,0.16666666666666657,0.16666666666666657,0.16666666666666657,0.16666666666666657
180,180.0,180.4,0.16666666666666657,0.16666666666666657,0.16666666666666657,0.16666666666666657,0.16666666666666657,0.16666666666666657
181,181.0,181.4,0.16666666666666657,0.16666666666666657,0.16666666666666657,0.16666666666666657,0.16666666666666657,0.16666666666666657
182,182.0,182.4,0.16666666666666657,0.16666666666666657,0.16666666666666657,0.16666666666666657,0.16666666666666657,0.16666666666666657
183,183.0,183.4,0.16666666666666657,0.16666666666666657,0.16666666666666657,0.16666666666666657,0.16666666666666657,0.16666666666666657
184,184.0,184.4,0.16666666666666657,0.16666666666666657,0.16666666666666657,0.16666666666666657,0.16666666666666657,0.16666666666666657
185,185.0,185.4,0.16666666666666657,0.16666666666666657,0.16666666666666657,0.16666666666666657,0.16666666666666657,0.16666666666666657
186,186.0,186.4,0.16666666666666657,0.16666666666666657,0.16666666666666657,0.16666666666666657,0.16666666666666657,0.16666666666666657
187,187.0,187.4,0.16666666666666657,0.16666666666666657,0.16666666666666657,0.16666666666666657,0.16666666666666657,0.16666666666666657
188,188.0,188.4,0.16666666666666657,0.16666666666666657,0.16666666666666657,0.16666666666666657,0.16666666666666657,0.16666666666666657
189,189.0,189.4,0.16666666666666657,0.16666666666666657,0.16666666666666657,0.16666666666666657,0.16666666666666657,0.16666666666666657
190,190.0,190.4,0.16666666666666657,0.16666666666666657,0.16666666666666657,0.16666666666666657,0.16666666666666657,0.16666666666666657
191,191.0,191.4,0.16666666666666657,0.16666666666666657,0.16666666666666657,0.16666666666666657,0.16666666666666657,0.16666666666666657
192,192.0,192.4,0.16666666666666657,0.16666666666666657,0.16666666666666657,0.16666666666666657,0.16666666666666657,0.16666666666666657
193,193.0,193.4,0.16666666666666657,0.16666666666666657,0.16666666666666657,0.16666666666666657,0.16666666666666657,0.16666666666666657
194,194.0,194.4,0.16666666666666657,0.16666666666666657,0.16666666666666657,0.16666666666666657,0.16666666666666657,0.16666666666666657
195,195.0,195.4,0.16666666666666657,0.16666666666666657,0.16666666666666657,0.16666666666666657,0.16666666666666657,0.16666666666666657
196,196.0,196.4,0.16666666666666657,0.16666666666666657,0.16666666666666657,0.16666666666666657,0.16666666666666657,0.16666666666666657
197,197.0,197.4,0.16666666666666657,0.16666666666666657,0.16666666666666657,0.16666666666666657,0.16666666666666657,0.16666666666666657
198,198.0,198.4,0.16666666666666657,0.16666666666666657,0.16666666666666657,0.16666666666666657,0.16666666666666657,0.16666666666666657
199,199.0,199.4,0.16666666666666657,0.16666666666666657,0.16666666666666657,0.16666666666666657,0.16666666666666657,0.16666666666666657
200,200.0,200.4,0.16666666666666657,0.16666666666666657,0.16666666666666657,0.16666666666666657,0.16666666666666657,0.16666666666666657
201,201.0,201.4,0.16666666666666657,0.16666666666666657,0.16666666666666657,0.16666666666666657,0.16666666666666657,0.16666666666666657
202,202.0,202.4,0.16666666666666657,0.16666666666666657,0.16666666666666657,0.16666666666666657,0.16666666666666657,0.16666666666666657
203,203.0,203.4,0.16485148514851478,0.16683168316831673,0.16683168316831673,0.16683168316831673,0.16683168316831673,0.16782178217821772
204,204.0,204.4,0.1647058823529411,0.16764705882352932,0.16666666666666657,0.16666666666666657,0.16666666666666657,0.16764705882352932
205,205.0,205.4,0.16218215441516404,0.16509477577438733,0.16412390198797958,0.17840961627369387,0.16412390198797958,0.16606564956079511
206,206.0,206.4,0.1596611721611721,0.16254578754578747,0.161584249084249,0.17683150183150173,0.17586996336996327,0.16350732600732593
207,207.0,207.4,0.1596611721611721,0.16254578754578747,0.161584249084249,0.17683150183150173,0.17586996336996327,0.16350732600732593
208,208.0,208.4,0.15773809523809518,0.160595238095238,0.17214285714285707,0.1748809523809523,0.17214285714285707,0.16249999999999992
209,209.0,209.4,0.15383348307876604,0.1566636717580113,0.16683138664270733,0.1709493860437256,0.19222821203953275,0.1594938604372566
210,210.0,210.4,0.1519155169856104,0.1547192553033674,0.16489578697522617,0.16993954902833402,0.20100689808633726,0.1575229936211244
211,211.0,211.4,0.1519155169856104,0.1547192553033674,0.16489578697522617,0.16993954902833402,0.20100689808633726,0.1575229936211244
212,212.0,212.4,0.149534564604658,0.15233830292241501,0.1625148345942738,0.16755859664738165,0.21291165999109918,0.155142041240172
213,213.0,213.4,0.149534564604658,0.15233830292241501,0.1625148345942738,0.16755859664738165,0.21291165999109918,0.155142041240172
214,214.0,214.4,0.14623015873015868,0.14900793650793648,0.15919312169312166,0.1651455026455026,0.22863756613756608,0.15178571428571425
215,215.0,215.4,0.14400793650793647,0.14678571428571424,0.15585978835978834,0.1629232804232804,0.24085978835978827,0.149563492063492
216,216.0,216.4,0.14309884559884553,0.14587662337662333,0.1549506974506974,0.16201418951418947,0.24540524290524285,0.1486544011544011
217,217.0,217.4,0.14309884559884553,0.14587662337662333,0.1549506974506974,0.16201418951418947,0.24540524290524285,0.1486544011544011
218,218.0,218.4,0.14322864829874168,0.14509780717724635,0.154163227737994,0.16312183921996998,0.24555235263179181,0.14883612493425571
219,219.0,219.4,0.14234126984126977,0.14419312169312165,0.15326719576719572,0.16218253968253962,0.24919312169312163,0.14882275132275127
220,220.0,220.4,0.1434859584859584,0.1453378103378103,0.15441188441188436,0.17101953601953596,0.2357773707773707,0.14996743996743991
221,221.0,221.4,0.14293650793650786,0.1438624338624338,0.1538624338624338,0.17706349206349198,0.23193121693121688,0.15034391534391528
222,222.0,222.4,0.14721384884228916,0.14146461336828303,0.15146461336828304,0.17458824814329396,0.23738204456094358,0.1478866317169069
223,223.0,223.5,0.14638051550895584,0.14104794670161636,0.15104794670161636,0.17958824814329397,0.2344653778942769,0.14746996505024024
224,224.0,224.5,0.15140247007894062,0.14054685510567858,0.15054685510567858,0.17793417366946773,0.2317500636618283,0.14781958237840584
225,225.0,225.5,0.1512796199560905,0.15291581497463846,0.15131671587553935,0.17775399348928755,0.21911083352259814,0.14762302218184567
226,226.0,226.5,0.14400837812602513,0.15013803719686067,0.14992782698665047,0.19335856865268625,0.21633305574482037,0.14623413329295676
227,227.0,227.5,0.14400837812602513,0.15013803719686067,0.14992782698665047,0.19335856865268625,0.21633305574482037,0.14623413329295676
228,228.0,228.5,0.14400837812602513,0.15013803719686067,0.14992782698665047,0.19335856865268625,0.21633305574482037,0.14623413329295676
229,229.0,229.5,0.14400837812602513,0.15013803719686067,0.14992782698665047,0.19335856865268625,0.21633305574482037,0.14623413329295676
230,230.0,230.5,0.14400837812602513,0.15013803719686067,0.14992782698665047,0.19425946955358714,0.21543215484391948,0.14623413329295676
231,231.0,231.5,0.14388772175536876,0.15000933706816053,0.14979108309990657,0.19407446311858068,0.21530345471521936,0.1469339402427637
232,232.0,232.5,0.14388772175536876,0.15000933706816053,0.14979108309990657,0.19407446311858068,0.21530345471521936,0.1469339402427637
233,233.0,233.5,0.14388772175536876,0.15000933706816053,0.14979108309990657,0.19407446311858068,0.2144105975723622,0.14782679738562085
234,234.0,234.5,0.14376920089569747,0.1498829148178445,0.14965675945894577,0.19477768688596372,0.21429207671269093,0.14762136122885727
235,235.0,235.5,0.14533782834667786,0.1506672285433347,0.15044107318443595,0.17869925551341473,0.22644893945778896,0.14840567495434748
236,236.0,236.5,0.14533782834667786,0.1506672285433347,0.15044107318443595,0.17869925551341473,0.22644893945778896,0.14840567495434748
237,237.0,237.5,0.14533782834667786,0.1506672285433347,0.15044107318443595,0.17203258884674805,0.23311560612445562,0.14840567495434748
238,238.0,238.5,0.14450449501334453,0.15025056187666802,0.1500244065177693,0.1716159221800814,0.2356156061244556,0.1479890082876808
239,239.0,239.5,0.14376920089569747,0.1498829148178445,0.14965675945894577,0.17124827512125787,0.23782148847739681,0.14762136122885727
240,240.0,240.5,0.14764562922457652,0.14852282220703267,0.14737981316928678,0.16982608035239607,0.23956482114376842,0.14706083390293911
241,241.0,241.5,0.14677363699102824,0.14764320220841956,0.14573498964803308,0.17721877156659757,0.23566252587991712,0.1469668737060041
242,242.0,242.5,0.14110563765736175,0.14752326217843453,0.145607553366174,0.1770388615216201,0.2411056376573617,0.14761904761904757
243,243.0,243.5,0.1404103206734785,0.14796767559925447,0.1451898978214767,0.17656962920120806,0.24274950196002823,0.14711297474455362
244,244.0,244.5,0.13988400488400482,0.14770451770451765,0.14492673992673988,0.17630647130647123,0.24432844932844927,0.1468498168498168
245,245.0,245.5,0.13940781440781433,0.14746642246642241,0.14468864468864465,0.17692307692307685,0.2457570207570207,0.1457570207570207
246,246.0,246.5,0.13886626556118076,0.14712683738107463,0.14434905960329686,0.17737300364419,0.24694707364198884,0.14533776016826858
247,247.0,247.5,0.13811841753018217,0.1463647463647463,0.14294594294594287,0.18359810124516002,0.24363512304688767,0.14533766886708058
248,248.0,248.5,0.13829725829725822,0.14569624819624813,0.14172799422799415,0.18891053391053383,0.24078282828282824,0.14458513708513704
249,249.0,249.5,0.13818706545979267,0.1464056145874327,0.141610914338187,0.18873147054965228,0.24067952249770425,0.1443854125672307
250,250.0,250.5,0.13807867906228555,0.14710335202138475,0.14149575379083568,0.18855534265370322,0.2405779102500413,0.14418896222174904
251,251.0,251.5,0.13559110266427335,0.15888149790588807,0.13900151339175723,0.1860011262450286,0.23891000598317666,0.1416147538098757
252,252.0,252.5,0.13602400309717377,0.15909794812233832,0.13921796360820746,0.18621757646147882,0.23761130468447536,0.14183120402632593
253,253.0,253.5,0.13602400309717377,0.15909794812233832,0.13921796360820746,0.18621757646147882,0.23761130468447536,0.14183120402632593
254,254.0,254.5,0.13602400309717377,0.15909794812233832,0.13921796360820746,0.18621757646147882,0.23761130468447536,0.14183120402632593
255,255.0,255.5,0.13602400309717377,0.15909794812233832,0.13921796360820746,0.18621757646147882,0.23761130468447536,0.14183120402632593
256,256.0,256.5,0.1401365572097279,0.1445957836201738,0.15328722767747155,0.1860011262450286,0.23436455143772209,0.1416147538098757
257,257.0,257.5,0.13775795754851955,0.1426124408759615,0.14951817064754494,0.1840177835008163,0.233962236361494,0.1521314110656634
258,258.0,258.5,0.13775795754851955,0.1426124408759615,0.14951817064754494,0.1840177835008163,0.233962236361494,0.1521314110656634
259,259.0,259.5,0.13721447928765,0.14243128145567163,0.14933701122725507,0.18383662408052642,0.235230352303523,0.15195025164537354
260,260.0,260.5,0.13671447928764996,0.14226461478900498,0.15317034456058842,0.18366995741385977,0.23239701897018966,0.1517835849787069
261,261.0,261.5,0.13472022058087627,0.14223738465541738,0.15297594027102218,0.18368937528773585,0.23373441221801872,0.15264266698692924
262,262.0,262.5,0.13462692456594888,0.1421107686351588,0.1528626522528961,0.18432911939009494,0.2336277882009589,0.15244274695494203
263,263.0,263.5,0.13462692456594888,0.1421107686351588,0.1528626522528961,0.18432911939009494,0.2336277882009589,0.15244274695494203
264,264.0,264.5,0.13462692456594888,0.1421107686351588,0.1528626522528961,0.18432911939009494,0.2336277882009589,0.15244274695494203
265,265.0,265.5,0.13149543109220524,0.14198619480877542,0.15275119146086882,0.18415209342628688,0.23736903777226354,0.15224605143959977
266,266.0,266.5,0.13299624509301924,0.14362945895203955,0.14545570916538653,0.18579535756955104,0.23644819935142508,0.1556750298685782
267,267.0,267.5,0.13273169482846897,0.14349718381976442,0.14505888376856113,0.1856630824372759,0.23750640040962617,0.15554275473630308
268,268.0,268.5,0.13238861521620138,0.1432514504652435,0.14457974822112746,0.1853657361795292,0.2383883962780514,0.1560260536398467
269,269.0,269.5,0.13229337712096328,0.14313081554460858,0.14447181171319096,0.18519430760810063,0.2382868089764641,0.15662287903667207
270,270.0,270.5,0.13482689663792022,0.1457542807149106,0.13973503312085986,0.17633920759905006,0.24339207599050114,0.15995250593675783
271,271.0,271.5,0.13473462301587297,0.14563740079365073,0.13963045634920632,0.176173115079365,0.24407490079365074,0.15974950396825388
272,272.0,272.5,0.1336104783433412,0.14462078300283943,0.1383987847949541,0.1742474063794628,0.25038966130195967,0.15873288617744258
273,273.0,273.5,0.13008432539682535,0.14197668650793646,0.13945932539682535,0.1833457341269841,0.25083085317460313,0.15430307539682536
274,274.0,274.5,0.1284212557468371,0.14037803281989322,0.1375826370012416,0.19142085304875997,0.24716097855632735,0.15503624282694045
275,275.0,275.5,0.13159585892144027,0.1324415248833853,0.14075724017584476,0.18348434511225203,0.23922447061981944,0.1724965602872579
276,276.0,276.5,0.12972666222666218,0.13054251304251302,0.13886419136419131,0.17042651792651792,0.23810661560661556,0.19233349983349976
277,277.0,277.5,0.12908563658563654,0.12990148740148738,0.13822316572316568,0.16914446664446664,0.2419527694527694,0.19169247419247412
278,278.0,278.5,0.13129910938734463,0.129262910292322,0.13731720893485597,0.16795643898585072,0.2431995618760324,0.190964770523594
279,279.0,279.5,0.12957875457875453,0.12771062271062267,0.14801282051282044,0.16731684981684977,0.2602747252747252,0.16710622710622705
280,280.0,280.5,0.12574938949938946,0.13515109890109883,0.14410409035409033,0.1632295482295482,0.25868742368742365,0.17307844932844926
281,281.0,281.5,0.12441305316305314,0.14285380160380157,0.14269267894267892,0.162043362043362,0.2584021384021383,0.16959496584496578
282,282.0,282.5,0.12153405504024697,0.13829886917348216,0.13835366817564956,0.1686611865946231,0.25321004932460034,0.17994217169139765
283,283.0,283.5,0.1196159396159396,0.13651570651570646,0.1389321789321789,0.1665512265512265,0.26200910200910194,0.1763758463758463
284,284.0,284.5,0.11726254739412634,0.1380385258016837,0.13533947047104938,0.16181141957457743,0.25769327164064,0.18985476511792296
285,285.0,285.5,0.11662152175310067,0.13611544887860672,0.13469844483002374,0.1611703939335518,0.2681633571107255,0.18323083349399133
286,286.0,286.5,0.11471689557055406,0.1329707149219344,0.1389056336617312,0.16230637925759875,0.273632695218061,0.17746768137012034
287,287.0,287.5,0.11962204462204458,0.13037296037296034,0.13655178155178152,0.16066100566100563,0.27940892440892434,0.17338328338328335
288,288.0,288.5,0.12003908881815854,0.12815849847826585,0.13453250238133957,0.1655298770996445,0.2818765827196059,0.16986345050298535
289,289.0,289.5,0.1192438933615404,0.1271542183306889,0.1404758966523672,0.15671142582907285,0.2978020998609233,0.1586124659654071
290,290.0,290.5,0.11840084751849456,0.1264626876391582,0.147274653451124,0.15101989513754216,0.2939714860303095,0.16287043022337136
291,291.0,291.5,0.11759463003428794,0.12664274384502966,0.14724945371125037,0.14619500224839097,0.29481585150782713,0.16750231865321374
292,292.0,292.5,0.11631285409344053,0.12499783330925898,0.14506114882757953,0.14514918066990862,0.29767674579100256,0.17080223730880956
293,293.0,293.5,0.1250668544195719,0.12359819638160216,0.15179463378882632,0.13433433906388928,0.2920484598433243,0.17315751650278588
294,294.0,294.5,0.12394656699889255,0.12234772978959023,0.14948920265780727,0.13361018826135102,0.29532253599114056,0.1752837763012181
295,295.0,295.5,0.12497347776319827,0.12122328000967826,0.14741687372623463,0.13296192895762954,0.2962123919335175,0.17721204760974155
