Total_iterations,Unnamed: 0.1,Intertwine_two,Invert_path_vertices,Insert_inside_vertex,Delete_inside_vertex,MSC_add_terminal,MSC_del_terminal
0,0.0,0.1666666666666665,0.1666666666666665,0.1666666666666665,0.1666666666666665,0.1666666666666665,0.1666666666666665
1,1.0,0.1666666666666665,0.1666666666666665,0.1666666666666665,0.1666666666666665,0.1666666666666665,0.1666666666666665
2,2.0,0.1666666666666665,0.1666666666666665,0.1666666666666665,0.1666666666666665,0.1666666666666665,0.1666666666666665
3,3.0,0.1666666666666665,0.1666666666666665,0.1666666666666665,0.1666666666666665,0.1666666666666665,0.1666666666666665
4,4.0,0.1666666666666665,0.1666666666666665,0.1666666666666665,0.1666666666666665,0.1666666666666665,0.1666666666666665
5,5.0,0.1666666666666665,0.1666666666666665,0.1666666666666665,0.1666666666666665,0.1666666666666665,0.1666666666666665
6,6.0,0.1666666666666665,0.1666666666666665,0.1666666666666665,0.1666666666666665,0.1666666666666665,0.1666666666666665
7,7.0,0.1666666666666665,0.1666666666666665,0.1666666666666665,0.1666666666666665,0.1666666666666665,0.1666666666666665
8,8.0,0.1666666666666665,0.1666666666666665,0.1666666666666665,0.1666666666666665,0.1666666666666665,0.1666666666666665
9,9.0,0.1666666666666665,0.1666666666666665,0.1666666666666665,0.1666666666666665,0.1666666666666665,0.1666666666666665
10,10.0,0.1666666666666665,0.1666666666666665,0.1666666666666665,0.1666666666666665,0.1666666666666665,0.1666666666666665
11,11.0,0.1666666666666665,0.1666666666666665,0.1666666666666665,0.1666666666666665,0.1666666666666665,0.1666666666666665
12,12.0,0.1666666666666665,0.1666666666666665,0.1666666666666665,0.1666666666666665,0.1666666666666665,0.1666666666666665
13,13.0,0.1666666666666665,0.1666666666666665,0.1666666666666665,0.1666666666666665,0.1666666666666665,0.1666666666666665
14,14.0,0.1666666666666665,0.1666666666666665,0.1666666666666665,0.1666666666666665,0.1666666666666665,0.1666666666666665
15,15.0,0.1666666666666665,0.1666666666666665,0.1666666666666665,0.1666666666666665,0.1666666666666665,0.1666666666666665
16,16.0,0.1666666666666665,0.1666666666666665,0.1666666666666665,0.1666666666666665,0.1666666666666665,0.1666666666666665
17,17.0,0.1666666666666665,0.1666666666666665,0.1666666666666665,0.1666666666666665,0.1666666666666665,0.1666666666666665
18,18.0,0.1666666666666665,0.1666666666666665,0.1666666666666665,0.1666666666666665,0.1666666666666665,0.1666666666666665
19,19.0,0.1666666666666665,0.1666666666666665,0.1666666666666665,0.1666666666666665,0.1666666666666665,0.1666666666666665
20,20.0,0.1666666666666665,0.1666666666666665,0.1666666666666665,0.1666666666666665,0.1666666666666665,0.1666666666666665
21,21.0,0.1666666666666665,0.1666666666666665,0.1666666666666665,0.1666666666666665,0.1666666666666665,0.1666666666666665
22,22.0,0.1666666666666665,0.1666666666666665,0.1666666666666665,0.1666666666666665,0.1666666666666665,0.1666666666666665
23,23.0,0.1666666666666665,0.1666666666666665,0.1666666666666665,0.1666666666666665,0.1666666666666665,0.1666666666666665
24,24.0,0.1666666666666665,0.1666666666666665,0.1666666666666665,0.1666666666666665,0.1666666666666665,0.1666666666666665
25,25.0,0.1666666666666665,0.1666666666666665,0.1666666666666665,0.1666666666666665,0.1666666666666665,0.1666666666666665
26,26.0,0.1666666666666665,0.1666666666666665,0.1666666666666665,0.1666666666666665,0.1666666666666665,0.1666666666666665
27,27.0,0.1666666666666665,0.1666666666666665,0.1666666666666665,0.1666666666666665,0.1666666666666665,0.1666666666666665
28,28.0,0.1666666666666665,0.1666666666666665,0.1666666666666665,0.1666666666666665,0.1666666666666665,0.1666666666666665
29,29.0,0.1666666666666665,0.1666666666666665,0.1666666666666665,0.1666666666666665,0.1666666666666665,0.1666666666666665
30,30.0,0.1666666666666665,0.1666666666666665,0.1666666666666665,0.1666666666666665,0.1666666666666665,0.1666666666666665
31,31.0,0.1666666666666665,0.1666666666666665,0.1666666666666665,0.1666666666666665,0.1666666666666665,0.1666666666666665
32,32.0,0.1666666666666665,0.1666666666666665,0.1666666666666665,0.1666666666666665,0.1666666666666665,0.1666666666666665
33,33.0,0.1666666666666665,0.1666666666666665,0.1666666666666665,0.1666666666666665,0.1666666666666665,0.1666666666666665
34,34.0,0.1666666666666665,0.1666666666666665,0.1666666666666665,0.1666666666666665,0.1666666666666665,0.1666666666666665
35,35.0,0.1666666666666665,0.1666666666666665,0.1666666666666665,0.1666666666666665,0.1666666666666665,0.1666666666666665
36,36.0,0.1666666666666665,0.1666666666666665,0.1666666666666665,0.1666666666666665,0.1666666666666665,0.1666666666666665
37,37.0,0.1666666666666665,0.1666666666666665,0.1666666666666665,0.1666666666666665,0.1666666666666665,0.1666666666666665
38,38.0,0.1666666666666665,0.1666666666666665,0.1666666666666665,0.1666666666666665,0.1666666666666665,0.1666666666666665
39,39.0,0.1666666666666665,0.1666666666666665,0.1666666666666665,0.1666666666666665,0.1666666666666665,0.1666666666666665
40,40.0,0.1666666666666665,0.1666666666666665,0.1666666666666665,0.1666666666666665,0.1666666666666665,0.1666666666666665
41,41.0,0.1666666666666665,0.1666666666666665,0.1666666666666665,0.1666666666666665,0.1666666666666665,0.1666666666666665
42,42.0,0.1666666666666665,0.1666666666666665,0.1666666666666665,0.1666666666666665,0.1666666666666665,0.1666666666666665
43,43.0,0.1666666666666665,0.1666666666666665,0.1666666666666665,0.1666666666666665,0.1666666666666665,0.1666666666666665
44,44.0,0.1666666666666665,0.1666666666666665,0.1666666666666665,0.1666666666666665,0.1666666666666665,0.1666666666666665
45,45.0,0.1666666666666665,0.1666666666666665,0.1666666666666665,0.1666666666666665,0.1666666666666665,0.1666666666666665
46,46.0,0.1666666666666665,0.1666666666666665,0.1666666666666665,0.1666666666666665,0.1666666666666665,0.1666666666666665
47,47.0,0.1666666666666665,0.1666666666666665,0.1666666666666665,0.1666666666666665,0.1666666666666665,0.1666666666666665
48,48.0,0.1666666666666665,0.1666666666666665,0.1666666666666665,0.1666666666666665,0.1666666666666665,0.1666666666666665
49,49.0,0.1666666666666665,0.1666666666666665,0.1666666666666665,0.1666666666666665,0.1666666666666665,0.1666666666666665
50,50.0,0.1666666666666665,0.1666666666666665,0.1666666666666665,0.1666666666666665,0.1666666666666665,0.1666666666666665
51,51.0,0.1666666666666665,0.1666666666666665,0.1666666666666665,0.1666666666666665,0.1666666666666665,0.1666666666666665
52,52.0,0.1666666666666665,0.1666666666666665,0.1666666666666665,0.1666666666666665,0.1666666666666665,0.1666666666666665
53,53.0,0.1666666666666665,0.1666666666666665,0.1666666666666665,0.1666666666666665,0.1666666666666665,0.1666666666666665
54,54.0,0.1666666666666665,0.1666666666666665,0.1666666666666665,0.1666666666666665,0.1666666666666665,0.1666666666666665
55,55.0,0.1666666666666665,0.1666666666666665,0.1666666666666665,0.1666666666666665,0.1666666666666665,0.1666666666666665
56,56.0,0.1666666666666665,0.1666666666666665,0.1666666666666665,0.1666666666666665,0.1666666666666665,0.1666666666666665
57,57.0,0.1666666666666665,0.1666666666666665,0.1666666666666665,0.1666666666666665,0.1666666666666665,0.1666666666666665
58,58.0,0.1666666666666665,0.1666666666666665,0.1666666666666665,0.1666666666666665,0.1666666666666665,0.1666666666666665
59,59.0,0.1666666666666665,0.1666666666666665,0.1666666666666665,0.1666666666666665,0.1666666666666665,0.1666666666666665
60,60.0,0.1666666666666665,0.1666666666666665,0.1666666666666665,0.1666666666666665,0.1666666666666665,0.1666666666666665
61,61.0,0.1666666666666665,0.1666666666666665,0.1666666666666665,0.1666666666666665,0.1666666666666665,0.1666666666666665
62,62.0,0.1666666666666665,0.1666666666666665,0.1666666666666665,0.1666666666666665,0.1666666666666665,0.1666666666666665
63,63.0,0.1666666666666665,0.1666666666666665,0.1666666666666665,0.1666666666666665,0.1666666666666665,0.1666666666666665
64,64.0,0.1666666666666665,0.1666666666666665,0.1666666666666665,0.1666666666666665,0.1666666666666665,0.1666666666666665
65,65.0,0.1666666666666665,0.1666666666666665,0.1666666666666665,0.1666666666666665,0.1666666666666665,0.1666666666666665
66,66.0,0.1666666666666665,0.1666666666666665,0.1666666666666665,0.1666666666666665,0.1666666666666665,0.1666666666666665
67,67.0,0.1666666666666665,0.1666666666666665,0.1666666666666665,0.1666666666666665,0.1666666666666665,0.1666666666666665
68,68.0,0.1666666666666665,0.1666666666666665,0.1666666666666665,0.1666666666666665,0.1666666666666665,0.1666666666666665
69,69.0,0.1666666666666665,0.1666666666666665,0.1666666666666665,0.1666666666666665,0.1666666666666665,0.1666666666666665
70,70.0,0.1666666666666665,0.1666666666666665,0.1666666666666665,0.1666666666666665,0.1666666666666665,0.1666666666666665
71,71.0,0.1666666666666665,0.1666666666666665,0.1666666666666665,0.1666666666666665,0.1666666666666665,0.1666666666666665
72,72.0,0.1666666666666665,0.1666666666666665,0.1666666666666665,0.1666666666666665,0.1666666666666665,0.1666666666666665
73,73.0,0.1666666666666665,0.1666666666666665,0.1666666666666665,0.1666666666666665,0.1666666666666665,0.1666666666666665
74,74.0,0.1666666666666665,0.1666666666666665,0.1666666666666665,0.1666666666666665,0.1666666666666665,0.1666666666666665
75,75.0,0.1666666666666665,0.1666666666666665,0.1666666666666665,0.1666666666666665,0.1666666666666665,0.1666666666666665
76,76.0,0.1666666666666665,0.1666666666666665,0.1666666666666665,0.1666666666666665,0.1666666666666665,0.1666666666666665
77,77.0,0.1666666666666665,0.1666666666666665,0.1666666666666665,0.1666666666666665,0.1666666666666665,0.1666666666666665
78,78.0,0.1666666666666665,0.1666666666666665,0.1666666666666665,0.1666666666666665,0.1666666666666665,0.1666666666666665
79,79.0,0.1666666666666665,0.1666666666666665,0.1666666666666665,0.1666666666666665,0.1666666666666665,0.1666666666666665
80,80.0,0.1666666666666665,0.1666666666666665,0.1666666666666665,0.1666666666666665,0.1666666666666665,0.1666666666666665
81,81.0,0.1666666666666665,0.1666666666666665,0.1666666666666665,0.1666666666666665,0.1666666666666665,0.1666666666666665
82,82.0,0.1666666666666665,0.1666666666666665,0.1666666666666665,0.1666666666666665,0.1666666666666665,0.1666666666666665
83,83.0,0.1666666666666665,0.1666666666666665,0.1666666666666665,0.1666666666666665,0.1666666666666665,0.1666666666666665
84,84.0,0.1666666666666665,0.1666666666666665,0.1666666666666665,0.1666666666666665,0.1666666666666665,0.1666666666666665
85,85.0,0.1666666666666665,0.1666666666666665,0.1666666666666665,0.1666666666666665,0.1666666666666665,0.1666666666666665
86,86.0,0.1666666666666665,0.1666666666666665,0.1666666666666665,0.1666666666666665,0.1666666666666665,0.1666666666666665
87,87.0,0.1666666666666665,0.1666666666666665,0.1666666666666665,0.1666666666666665,0.1666666666666665,0.1666666666666665
88,88.0,0.1666666666666665,0.1666666666666665,0.1666666666666665,0.1666666666666665,0.1666666666666665,0.1666666666666665
89,89.0,0.1666666666666665,0.1666666666666665,0.1666666666666665,0.1666666666666665,0.1666666666666665,0.1666666666666665
90,90.0,0.1666666666666665,0.1666666666666665,0.1666666666666665,0.1666666666666665,0.1666666666666665,0.1666666666666665
91,91.0,0.1666666666666665,0.1666666666666665,0.1666666666666665,0.1666666666666665,0.1666666666666665,0.1666666666666665
92,92.0,0.1666666666666665,0.1666666666666665,0.1666666666666665,0.1666666666666665,0.1666666666666665,0.1666666666666665
93,93.0,0.1666666666666665,0.1666666666666665,0.1666666666666665,0.1666666666666665,0.1666666666666665,0.1666666666666665
94,94.0,0.1666666666666665,0.1666666666666665,0.1666666666666665,0.1666666666666665,0.1666666666666665,0.1666666666666665
95,95.0,0.1666666666666665,0.1666666666666665,0.1666666666666665,0.1666666666666665,0.1666666666666665,0.1666666666666665
96,96.0,0.1666666666666665,0.1666666666666665,0.1666666666666665,0.1666666666666665,0.1666666666666665,0.1666666666666665
97,97.0,0.1666666666666665,0.1666666666666665,0.1666666666666665,0.1666666666666665,0.1666666666666665,0.1666666666666665
98,98.0,0.1666666666666665,0.1666666666666665,0.1666666666666665,0.1666666666666665,0.1666666666666665,0.1666666666666665
99,99.0,0.1666666666666665,0.1666666666666665,0.1666666666666665,0.1666666666666665,0.1666666666666665,0.1666666666666665
100,100.0,0.1666666666666665,0.1666666666666665,0.1666666666666665,0.1666666666666665,0.1666666666666665,0.1666666666666665
101,101.0,0.1666666666666665,0.1666666666666665,0.1666666666666665,0.1666666666666665,0.1666666666666665,0.1666666666666665
102,102.0,0.1666666666666665,0.1666666666666665,0.1666666666666665,0.1666666666666665,0.1666666666666665,0.1666666666666665
103,103.0,0.1666666666666665,0.1666666666666665,0.1666666666666665,0.1666666666666665,0.1666666666666665,0.1666666666666665
104,104.0,0.1666666666666665,0.1666666666666665,0.1666666666666665,0.1666666666666665,0.1666666666666665,0.1666666666666665
105,105.0,0.1666666666666665,0.1666666666666665,0.1666666666666665,0.1666666666666665,0.1666666666666665,0.1666666666666665
106,106.0,0.1666666666666665,0.1666666666666665,0.1666666666666665,0.1666666666666665,0.1666666666666665,0.1666666666666665
107,107.0,0.1666666666666665,0.1666666666666665,0.1666666666666665,0.1666666666666665,0.1666666666666665,0.1666666666666665
108,108.0,0.1666666666666665,0.1666666666666665,0.1666666666666665,0.1666666666666665,0.1666666666666665,0.1666666666666665
109,109.0,0.1666666666666665,0.1666666666666665,0.1666666666666665,0.1666666666666665,0.1666666666666665,0.1666666666666665
110,110.0,0.1666666666666665,0.1666666666666665,0.1666666666666665,0.1666666666666665,0.1666666666666665,0.1666666666666665
111,111.0,0.1666666666666665,0.1666666666666665,0.1666666666666665,0.1666666666666665,0.1666666666666665,0.1666666666666665
112,112.0,0.1666666666666665,0.1666666666666665,0.1666666666666665,0.1666666666666665,0.1666666666666665,0.1666666666666665
113,113.0,0.1666666666666665,0.1666666666666665,0.1666666666666665,0.1666666666666665,0.1666666666666665,0.1666666666666665
114,114.0,0.1666666666666665,0.1666666666666665,0.1666666666666665,0.1666666666666665,0.1666666666666665,0.1666666666666665
115,115.0,0.1666666666666665,0.1666666666666665,0.1666666666666665,0.1666666666666665,0.1666666666666665,0.1666666666666665
116,116.0,0.1666666666666665,0.1666666666666665,0.1666666666666665,0.1666666666666665,0.1666666666666665,0.1666666666666665
117,117.0,0.1666666666666665,0.1666666666666665,0.1666666666666665,0.1666666666666665,0.1666666666666665,0.1666666666666665
118,118.0,0.1666666666666665,0.1666666666666665,0.1666666666666665,0.1666666666666665,0.1666666666666665,0.1666666666666665
119,119.0,0.1666666666666665,0.1666666666666665,0.1666666666666665,0.1666666666666665,0.1666666666666665,0.1666666666666665
120,120.0,0.1666666666666665,0.1666666666666665,0.1666666666666665,0.1666666666666665,0.1666666666666665,0.1666666666666665
121,121.0,0.1666666666666665,0.1666666666666665,0.1666666666666665,0.1666666666666665,0.1666666666666665,0.1666666666666665
122,122.0,0.1666666666666665,0.1666666666666665,0.1666666666666665,0.1666666666666665,0.1666666666666665,0.1666666666666665
123,123.0,0.1666666666666665,0.1666666666666665,0.1666666666666665,0.1666666666666665,0.1666666666666665,0.1666666666666665
124,124.0,0.1666666666666665,0.1666666666666665,0.1666666666666665,0.1666666666666665,0.1666666666666665,0.1666666666666665
125,125.0,0.1666666666666665,0.1666666666666665,0.1666666666666665,0.1666666666666665,0.1666666666666665,0.1666666666666665
126,126.0,0.1666666666666665,0.1666666666666665,0.1666666666666665,0.1666666666666665,0.1666666666666665,0.1666666666666665
127,127.0,0.1666666666666665,0.1666666666666665,0.1666666666666665,0.1666666666666665,0.1666666666666665,0.1666666666666665
128,128.0,0.1666666666666665,0.1666666666666665,0.1666666666666665,0.1666666666666665,0.1666666666666665,0.1666666666666665
129,129.0,0.1666666666666665,0.1666666666666665,0.1666666666666665,0.1666666666666665,0.1666666666666665,0.1666666666666665
130,130.0,0.1666666666666665,0.1666666666666665,0.1666666666666665,0.1666666666666665,0.1666666666666665,0.1666666666666665
131,131.0,0.1666666666666665,0.1666666666666665,0.1666666666666665,0.1666666666666665,0.1666666666666665,0.1666666666666665
132,132.0,0.1666666666666665,0.1666666666666665,0.1666666666666665,0.1666666666666665,0.1666666666666665,0.1666666666666665
133,133.0,0.1666666666666665,0.1666666666666665,0.1666666666666665,0.1666666666666665,0.1666666666666665,0.1666666666666665
134,134.0,0.1666666666666665,0.1666666666666665,0.1666666666666665,0.1666666666666665,0.1666666666666665,0.1666666666666665
135,135.0,0.1666666666666665,0.1666666666666665,0.1666666666666665,0.1666666666666665,0.1666666666666665,0.1666666666666665
136,136.0,0.1666666666666665,0.1666666666666665,0.1666666666666665,0.1666666666666665,0.1666666666666665,0.1666666666666665
137,137.0,0.1666666666666665,0.1666666666666665,0.1666666666666665,0.1666666666666665,0.1666666666666665,0.1666666666666665
138,138.0,0.1666666666666665,0.1666666666666665,0.1666666666666665,0.1666666666666665,0.1666666666666665,0.1666666666666665
139,139.0,0.1666666666666665,0.1666666666666665,0.1666666666666665,0.1666666666666665,0.1666666666666665,0.1666666666666665
140,140.0,0.1666666666666665,0.1666666666666665,0.1666666666666665,0.1666666666666665,0.1666666666666665,0.1666666666666665
141,141.0,0.1666666666666665,0.1666666666666665,0.1666666666666665,0.1666666666666665,0.1666666666666665,0.1666666666666665
142,142.0,0.1666666666666665,0.1666666666666665,0.1666666666666665,0.1666666666666665,0.1666666666666665,0.1666666666666665
143,143.0,0.1666666666666665,0.1666666666666665,0.1666666666666665,0.1666666666666665,0.1666666666666665,0.1666666666666665
144,144.0,0.1666666666666665,0.1666666666666665,0.1666666666666665,0.1666666666666665,0.1666666666666665,0.1666666666666665
145,145.0,0.1666666666666665,0.1666666666666665,0.1666666666666665,0.1666666666666665,0.1666666666666665,0.1666666666666665
146,146.0,0.1666666666666665,0.1666666666666665,0.1666666666666665,0.1666666666666665,0.1666666666666665,0.1666666666666665
147,147.0,0.1666666666666665,0.1666666666666665,0.1666666666666665,0.1666666666666665,0.1666666666666665,0.1666666666666665
148,148.0,0.1666666666666665,0.1666666666666665,0.1666666666666665,0.1666666666666665,0.1666666666666665,0.1666666666666665
149,149.0,0.1666666666666665,0.1666666666666665,0.1666666666666665,0.1666666666666665,0.1666666666666665,0.1666666666666665
150,150.0,0.1666666666666665,0.1666666666666665,0.1666666666666665,0.1666666666666665,0.1666666666666665,0.1666666666666665
151,151.0,0.1666666666666665,0.1666666666666665,0.1666666666666665,0.1666666666666665,0.1666666666666665,0.1666666666666665
152,152.0,0.1666666666666665,0.1666666666666665,0.1666666666666665,0.1666666666666665,0.1666666666666665,0.1666666666666665
153,153.0,0.1666666666666665,0.1666666666666665,0.1666666666666665,0.1666666666666665,0.1666666666666665,0.1666666666666665
154,154.0,0.1666666666666665,0.1666666666666665,0.1666666666666665,0.1666666666666665,0.1666666666666665,0.1666666666666665
155,155.0,0.1666666666666665,0.1666666666666665,0.1666666666666665,0.1666666666666665,0.1666666666666665,0.1666666666666665
156,156.0,0.1666666666666665,0.1666666666666665,0.1666666666666665,0.1666666666666665,0.1666666666666665,0.1666666666666665
157,157.0,0.1666666666666665,0.1666666666666665,0.1666666666666665,0.1666666666666665,0.1666666666666665,0.1666666666666665
158,158.0,0.1666666666666665,0.1666666666666665,0.1666666666666665,0.1666666666666665,0.1666666666666665,0.1666666666666665
159,159.0,0.1666666666666665,0.1666666666666665,0.1666666666666665,0.1666666666666665,0.1666666666666665,0.1666666666666665
160,160.0,0.1666666666666665,0.1666666666666665,0.1666666666666665,0.1666666666666665,0.1666666666666665,0.1666666666666665
161,161.0,0.1666666666666665,0.1666666666666665,0.1666666666666665,0.1666666666666665,0.1666666666666665,0.1666666666666665
162,162.0,0.1666666666666665,0.1666666666666665,0.1666666666666665,0.1666666666666665,0.1666666666666665,0.1666666666666665
163,163.0,0.1666666666666665,0.1666666666666665,0.1666666666666665,0.1666666666666665,0.1666666666666665,0.1666666666666665
164,164.0,0.1666666666666665,0.1666666666666665,0.1666666666666665,0.1666666666666665,0.1666666666666665,0.1666666666666665
165,165.0,0.1666666666666665,0.1666666666666665,0.1666666666666665,0.1666666666666665,0.1666666666666665,0.1666666666666665
166,166.0,0.1666666666666665,0.1666666666666665,0.1666666666666665,0.1666666666666665,0.1666666666666665,0.1666666666666665
167,167.0,0.1666666666666665,0.1666666666666665,0.1666666666666665,0.1666666666666665,0.1666666666666665,0.1666666666666665
168,168.0,0.1666666666666665,0.1666666666666665,0.1666666666666665,0.1666666666666665,0.1666666666666665,0.1666666666666665
169,169.0,0.1666666666666665,0.1666666666666665,0.1666666666666665,0.1666666666666665,0.1666666666666665,0.1666666666666665
170,170.0,0.1666666666666665,0.1666666666666665,0.1666666666666665,0.1666666666666665,0.1666666666666665,0.1666666666666665
171,171.0,0.1666666666666665,0.1666666666666665,0.1666666666666665,0.1666666666666665,0.1666666666666665,0.1666666666666665
172,172.0,0.1666666666666665,0.1666666666666665,0.1666666666666665,0.1666666666666665,0.1666666666666665,0.1666666666666665
173,173.0,0.1666666666666665,0.1666666666666665,0.1666666666666665,0.1666666666666665,0.1666666666666665,0.1666666666666665
174,174.0,0.1666666666666665,0.1666666666666665,0.1666666666666665,0.1666666666666665,0.1666666666666665,0.1666666666666665
175,175.0,0.1666666666666665,0.1666666666666665,0.1666666666666665,0.1666666666666665,0.1666666666666665,0.1666666666666665
176,176.0,0.1666666666666665,0.1666666666666665,0.1666666666666665,0.1666666666666665,0.1666666666666665,0.1666666666666665
177,177.0,0.1666666666666665,0.1666666666666665,0.1666666666666665,0.1666666666666665,0.1666666666666665,0.1666666666666665
178,178.0,0.1666666666666665,0.1666666666666665,0.1666666666666665,0.1666666666666665,0.1666666666666665,0.1666666666666665
179,179.0,0.1666666666666665,0.1666666666666665,0.1666666666666665,0.1666666666666665,0.1666666666666665,0.1666666666666665
180,180.0,0.1666666666666665,0.1666666666666665,0.1666666666666665,0.1666666666666665,0.1666666666666665,0.1666666666666665
181,181.0,0.1666666666666665,0.1666666666666665,0.1666666666666665,0.1666666666666665,0.1666666666666665,0.1666666666666665
182,182.0,0.1666666666666665,0.1666666666666665,0.1666666666666665,0.1666666666666665,0.1666666666666665,0.1666666666666665
183,183.0,0.1666666666666665,0.1666666666666665,0.1666666666666665,0.1666666666666665,0.1666666666666665,0.1666666666666665
184,184.0,0.1666666666666665,0.1666666666666665,0.1666666666666665,0.1666666666666665,0.1666666666666665,0.1666666666666665
185,185.0,0.1666666666666665,0.1666666666666665,0.1666666666666665,0.1666666666666665,0.1666666666666665,0.1666666666666665
186,186.0,0.1666666666666665,0.1666666666666665,0.1666666666666665,0.1666666666666665,0.1666666666666665,0.1666666666666665
187,187.0,0.1666666666666665,0.1666666666666665,0.1666666666666665,0.1666666666666665,0.1666666666666665,0.1666666666666665
188,188.0,0.1666666666666665,0.1666666666666665,0.1666666666666665,0.1666666666666665,0.1666666666666665,0.1666666666666665
189,189.0,0.1666666666666665,0.1666666666666665,0.1666666666666665,0.1666666666666665,0.1666666666666665,0.1666666666666665
190,190.0,0.1666666666666665,0.1666666666666665,0.1666666666666665,0.1666666666666665,0.1666666666666665,0.1666666666666665
191,191.0,0.1666666666666665,0.1666666666666665,0.1666666666666665,0.1666666666666665,0.1666666666666665,0.1666666666666665
192,192.0,0.1666666666666665,0.1666666666666665,0.1666666666666665,0.1666666666666665,0.1666666666666665,0.1666666666666665
193,193.0,0.1666666666666665,0.1666666666666665,0.1666666666666665,0.1666666666666665,0.1666666666666665,0.1666666666666665
194,194.0,0.1666666666666665,0.1666666666666665,0.1666666666666665,0.1666666666666665,0.1666666666666665,0.1666666666666665
195,195.0,0.1666666666666665,0.1666666666666665,0.1666666666666665,0.1666666666666665,0.1666666666666665,0.1666666666666665
196,196.0,0.1666666666666665,0.1666666666666665,0.1666666666666665,0.1666666666666665,0.1666666666666665,0.1666666666666665
197,197.0,0.1666666666666665,0.1666666666666665,0.1666666666666665,0.1666666666666665,0.1666666666666665,0.1666666666666665
198,198.0,0.1666666666666665,0.1666666666666665,0.1666666666666665,0.1666666666666665,0.1666666666666665,0.1666666666666665
199,199.0,0.1666666666666665,0.1666666666666665,0.1666666666666665,0.1666666666666665,0.1666666666666665,0.1666666666666665
200,200.0,0.1666666666666665,0.1666666666666665,0.1666666666666665,0.1666666666666665,0.1666666666666665,0.1666666666666665
201,201.0,0.1666666666666665,0.1666666666666665,0.1666666666666665,0.1666666666666665,0.1666666666666665,0.1666666666666665
202,202.0,0.1666666666666665,0.1666666666666665,0.1666666666666665,0.1666666666666665,0.1666666666666665,0.1666666666666665
203,203.0,0.1664851485148513,0.1666831683168315,0.1666831683168315,0.1666831683168315,0.1666831683168315,0.1667821782178216
204,204.0,0.1662908852649969,0.1667810425160162,0.1666830033003299,0.1666830033003299,0.1666830033003299,0.1668790623179964
205,205.0,0.1658478255172297,0.1666225611534433,0.166428414951273,0.1678569863798445,0.166428414951273,0.1668157970469355
206,206.0,0.1651603168078194,0.1662097512504771,0.1659222750171159,0.1688612860061269,0.1673508464456873,0.1664955244727724
207,207.0,0.1644865675228836,0.1658015827007607,0.1654233688170459,0.1698448578280349,0.168266225959903,0.1661773971713712
208,208.0,0.1636396315205166,0.1652066181094112,0.1659918228455156,0.1706048839627317,0.168793394274087,0.165763649287737
209,209.0,0.1624279125396291,0.1642318795433323,0.1660337947640968,0.1709385115344184,0.1713098758752079,0.1650580257433146
210,210.0,0.1610596245529063,0.1630844911105437,0.1658859854428579,0.1711379013924904,0.1746617612825405,0.1641702362186606
211,211.0,0.1597367242891827,0.1619681891629621,0.1657430550690666,0.1713053687411136,0.1779419095171777,0.1633047532204967
212,212.0,0.1582298067407005,0.1606529328334476,0.1653678498136208,0.1712043359196514,0.182315169004519,0.1622299056880601
213,213.0,0.1567866285257061,0.1593860558377741,0.1650016349315261,0.1710769489876128,0.186557067452992,0.1611916642643883
214,214.0,0.1550848069055508,0.1578423523710666,0.1643150022441531,0.1706858078251878,0.1922109125966454,0.1598611180573958
215,215.0,0.1532423987434348,0.1561424528701763,0.1633124806866737,0.1700561555049863,0.1988858619835649,0.1583606502111635
216,216.0,0.1514009776842664,0.1544280668426213,0.1622447752707644,0.1693272305750787,0.2057676011501002,0.1568313484771686
217,217.0,0.1496606774101606,0.1527996049831619,0.1612108996182453,0.168598067727553,0.2123575428175333,0.1553732074433455
218,218.0,0.1480417691153418,0.1511868778736453,0.1601390625380323,0.1679867473532243,0.2186336782917552,0.1540118648280008
219,219.0,0.1464478825960918,0.1495840642197038,0.1590250476207604,0.1672939799812529,0.2249154638680882,0.1527335617141026
220,220.0,0.1450867874656873,0.1482020913703596,0.1580793245411489,0.1675030745771911,0.2294702723734631,0.1516584496721496
221,221.0,0.143790848503581,0.1467821353480867,0.1571365543132609,0.1683308199323546,0.2332480556277243,0.1507115862749924
222,222.0,0.1430436941225927,0.1452351958637694,0.1560155378542383,0.1689155930812932,0.2371799749325669,0.1496100041455392
223,223.0,0.1423296233935669,0.1437635778362624,0.1549194471295917,0.1699986154659581,0.2404290563365424,0.1485596798380784
224,224.0,0.142229664115596,0.1423618561405658,0.1538441413135363,0.1709038244915471,0.2430220613924528,0.1476384525463019
225,225.0,0.1422191438127706,0.142319052590986,0.1529203792939939,0.1717707980883385,0.2439791229515429,0.146791503262368
226,226.0,0.1415731561186545,0.1421087192424229,0.1519340679533323,0.1741713637958001,0.2443140176826568,0.1458986752071334
227,227.0,0.1410161194140236,0.1419997124082604,0.1510263253370701,0.1765237449810844,0.2443356133212809,0.1450984845382805
228,228.0,0.1405447089669759,0.1419829895054003,0.1501983719989299,0.1788092362845562,0.244075023820278,0.1443896694238596
229,229.0,0.1401550762562234,0.1420494893697408,0.1494505085444809,0.1810116717813622,0.2435630735886208,0.1437701804595718
230,230.0,0.1398429398352442,0.1421902247259184,0.1487822046198985,0.1832074227872909,0.2427399281116012,0.1432372799200466
231,231.0,0.1395916058022051,0.1423834946583177,0.1481785129227675,0.1852756185167891,0.2417131494367368,0.1428576186631838
232,232.0,0.1394083663320016,0.1426336960215754,0.147651316097121,0.1872249831193553,0.2405249516821436,0.142556686747803
233,233.0,0.1392882443630521,0.1429326336589733,0.147198236624067,0.1890479060616572,0.2391140730190548,0.1424189062731956
234,234.0,0.1392142772789535,0.1432598023416916,0.1468029611989807,0.1908091246570364,0.2375853953818408,0.1423284391414969
235,235.0,0.1393501188845303,0.1436989166534486,0.1465541826715517,0.1908260638779121,0.2371923385961666,0.1423783793163907
236,236.0,0.1395322534241709,0.1441638026529288,0.1463691509019944,0.1907200410930553,0.2367311534976759,0.1424835984301746
237,237.0,0.1397542302590724,0.144647234311365,0.1462433415322173,0.1898377460642211,0.2368799314353022,0.1426375163978219
238,238.0,0.1399265120580266,0.1451008560796107,0.1461304237492734,0.1888239622994289,0.2372261883260574,0.142792057487603
239,239.0,0.1400538160948738,0.14552384802312,0.1460309728664265,0.1877027118040401,0.2377423019410151,0.1429463492705245
240,240.0,0.1405931864089324,0.1458121221791444,0.1457500303088236,0.1863868225144761,0.2383819293264781,0.1430759092621453
241,241.0,0.1410619448963868,0.146010713919984,0.1453489974834602,0.1857761838536679,0.2385791933651825,0.1432229664813185
242,242.0,0.1409741445226756,0.1461937773666254,0.1449791842340931,0.1851230439315721,0.2392718755029083,0.1434579744421255
243,243.0,0.1408269074192939,0.1464162706588028,0.1446108704465137,0.1844074529455451,0.2400780134786726,0.1436604850511717
244,244.0,0.1406375965798449,0.1466057128816933,0.1442588625219681,0.1836587270312038,0.2409881472785162,0.1438509537067734
245,245.0,0.1404120618597634,0.1467633894067135,0.1439249246401154,0.1829730117127099,0.2419835278617319,0.1439430845189657
246,246.0,0.1401448832525072,0.1468783701012939,0.1435980592383984,0.1823403612502803,0.2430361106040758,0.1440022155534442
247,247.0,0.1398168515259635,0.1469081282975813,0.1431710787147667,0.1823438120181298,0.2436913496430543,0.1440687798005043
248,248.0,0.1395225227088239,0.1468626270380618,0.1426627500140151,0.182890703868002,0.2439952730357673,0.1440661233353297
249,249.0,0.1392343548455361,0.1468809487551945,0.1421841986364977,0.1834251984972242,0.2442263490631673,0.1440489502023801
250,250.0,0.1389536922349689,0.1469624587023316,0.1417362534990138,0.1839416935944535,0.2443886879974063,0.1440172139718257
251,251.0,0.1384435881139304,0.1482150411763958,0.1410812738382887,0.1841972540316849,0.2443298948340612,0.1437329480056387
252,252.0,0.1379992595937892,0.1494706749919936,0.1404926395608158,0.1844669421689717,0.2440929119686718,0.1434775717157578
253,253.0,0.137579611360696,0.150697018157335,0.1399501219515641,0.1847271678354548,0.2438148113169793,0.1432312693779707
254,254.0,0.1371863718682768,0.1518847363057923,0.139454534519804,0.1849762750215498,0.243502485664131,0.1429955966204458
255,255.0,0.1368208326373886,0.1530258147575694,0.1390061401221039,0.1852128845034347,0.243162480766771,0.1427718472127322
256,256.0,0.1368951344454424,0.1526632902476,0.1400116298059613,0.1854142349350664,0.2424762892736487,0.1425394212922809
257,257.0,0.1367565603342129,0.152058008847932,0.1406724207971554,0.1854029849622134,0.2417373680438566,0.1433726570146295
258,258.0,0.1366418576062494,0.1514187999085111,0.141355590187734,0.1853790079720318,0.24099458762022,0.1442101567052535
259,259.0,0.136495438324418,0.1507373323306778,0.1420339525018238,0.1853257004941271,0.2403825733205628,0.1450250030283902
260,260.0,0.136320851380402,0.1500242843352112,0.1431008425050924,0.1852461663332103,0.2394969049073675,0.1458109505387165
261,261.0,0.1359682335391828,0.1493022214304703,0.1441422980996323,0.1851607652865792,0.2387625438009029,0.1466639378432322
262,262.0,0.1356290677510097,0.1485690548464272,0.1451566157546196,0.1851331648548587,0.2380406750875499,0.1474714217055346
263,263.0,0.1353137971098033,0.1478446220586757,0.1461465620090909,0.1851002840116627,0.2373468643766663,0.1482478704341009
264,264.0,0.1350231848072789,0.1471352940154642,0.1471046745405532,0.1850629796065705,0.236685243975114,0.1489886230550189
265,265.0,0.1344445217852194,0.1464341961401324,0.1480134095167899,0.185004364443442,0.2364333360131059,0.1496701721013101
266,266.0,0.134044315558517,0.1459230544533467,0.1481491005852955,0.1851074145007812,0.2361238920228063,0.150652222879253
267,267.0,0.1336471942233749,0.1454268634669989,0.1482046060930689,0.1851938114698467,0.2359544556106429,0.1515730691360673
268,268.0,0.1332463220665712,0.1449364214473615,0.1481751902720766,0.1852465268259053,0.2359056818745283,0.1524898575135569
269,269.0,0.1328674362474203,0.1444661104278032,0.1481019679618803,0.1852780198827514,0.2358764539259016,0.153410011554243
270,270.0,0.1327740503706157,0.1442918240783989,0.1475260884609837,0.1844200165102613,0.2363847790240469,0.1546032415556933
271,271.0,0.1327013041819598,0.1441379029381742,0.1469194286796101,0.1835503961339396,0.2369806270623572,0.1557103410039589
272,272.0,0.1325437513332555,0.1439127071114456,0.1461773779976447,0.182501394114714,0.2382193090849802,0.1566454603579597
273,273.0,0.1320600057448709,0.1434527019768135,0.145537800512036,0.1823845851948107,0.2394999456147752,0.1570649609566935
274,274.0,0.1314385709468454,0.1428640718321515,0.1447137271842776,0.1830965805483971,0.2403988401053613,0.1574882093829668
275,275.0,0.1311665667940827,0.1415157935181824,0.1442182106049251,0.1830269682979776,0.2404818157377477,0.1595906450470842
276,276.0,0.1307391363083921,0.1400216991651749,0.1435483310980516,0.1816631083221694,0.2404321348543958,0.1635955902518159
277,277.0,0.1302802215663507,0.138518119822139,0.1428344955804244,0.1801950633117804,0.2407487822515166,0.1674233174677886
278,278.0,0.1300765997288771,0.1370148743782837,0.1420553346371563,0.1786445140698955,0.2411704840232642,0.1710381931625229
279,279.0,0.1297335296908765,0.1354292050797843,0.1423762696889884,0.1770781800844586,0.243277822736234,0.1721049927196578
280,280.0,0.1290402823976183,0.1346689645064909,0.1423306037280027,0.1751621360361591,0.2451856664445616,0.1736123468871671
281,281.0,0.1282498172710699,0.1347598396047432,0.1421660980882352,0.1731997518960049,0.2470092148259565,0.17461527831399
282,282.0,0.1272121312038156,0.1344670735701288,0.141589407744286,0.1719838247264658,0.2482451286972199,0.1765024340580835
283,283.0,0.1260296214392203,0.1340635858292319,0.1410958801146984,0.1706452678882224,0.250287005656081,0.1778786390725457
284,284.0,0.1246658866106704,0.1338772499978872,0.1402707973901313,0.1689256456227686,0.2518103328457399,0.1804500875328023
285,285.0,0.1233003893087075,0.1335588528154072,0.1394148071047276,0.1672427407592757,0.2542871652513905,0.1821960447604913
286,286.0,0.1218141904431301,0.1329833879161399,0.1390179711082879,0.1657810014462795,0.257202010145803,0.1832014389403593
287,287.0,0.1208961534205338,0.1322055673219599,0.1384243101260316,0.1642661524830368,0.2605673003205832,0.1836405163278544
288,288.0,0.1200988834318236,0.1312657565282385,0.1376693620392143,0.1633536240917619,0.2640312435498368,0.1835811303591245
289,289.0,0.119301222950186,0.1302884262186318,0.1375528795916028,0.1616722659426362,0.2689197975619946,0.1822654077349484
290,290.0,0.1184984506365211,0.1293083337919532,0.1381571512392357,0.1595402821381344,0.2732252578128645,0.1812705243812909
291,291.0,0.1176943577746217,0.1284157997670018,0.1387896507702368,0.1570538035551617,0.2773920708685736,0.1806543172644041
292,292.0,0.1168414993274242,0.1274302975317486,0.1392246678891809,0.1546028026595703,0.2816025298534219,0.1802982027386538
293,293.0,0.1169440403052198,0.1263790571850302,0.1403478966017392,0.1512208814730396,0.2849898565043933,0.1801182679305776
294,294.0,0.1170055265843114,0.1252800856057482,0.1412427267018107,0.1479358719008165,0.2884364441384385,0.1800993450688744
295,295.0,0.1172329657160702,0.1241492426482416,0.1419233056582778,0.144771280519049,0.2916962195218439,0.1802269859365173
296,296.0,0.117461978153297,0.1230654629888849,0.142468233388173,0.1417682933886289,0.2949651617507561,0.1802708703302599
297,297.0,0.1177378955527174,0.1220679633285502,0.1425197113711084,0.1389738651898193,0.2979486803245777,0.1807518842332267
298,298.0,0.1170099782008278,0.1210931555990037,0.143511851187232,0.1363734392898022,0.3006238374014346,0.1813877383216994
299,299.0,0.11623394069433,0.1201160511519945,0.1442068990212974,0.13390219114627,0.3036505617160989,0.1818903562700089
300,300.0,0.1155041736055681,0.1192284688855572,0.1447955487587795,0.1317312530266726,0.3063907020289158,0.1823498536945066
301,301.0,0.1148023857234455,0.118412345690181,0.1453289741019242,0.1297981118163151,0.3096308085121824,0.1820273741559516
302,302.0,0.1142425717532182,0.1187757940243288,0.1451011028561693,0.1281752099737594,0.3119453559899411,0.1817599654025831
303,303.0,0.113678758706025,0.1191335327248592,0.1447308537596885,0.1271840630538035,0.3138653710495812,0.1814074207060426
304,304.0,0.1131235672530878,0.1195046989624086,0.1442914597318922,0.1263197411038572,0.315760406502206,0.1810001264465481
305,305.0,0.1125628858740593,0.1198329870061443,0.1437789573425038,0.1255629689655055,0.317544684437223,0.1807175163745639
306,306.0,0.1119830097159644,0.1201139794466853,0.1431821510531368,0.1249055793419591,0.3192698952051292,0.180545385237125
307,307.0,0.1114075004394546,0.120383780414455,0.1425310479559806,0.1243969481645166,0.320785538037448,0.180495184988145
308,308.0,0.1109612216370329,0.1208681113889801,0.1409569054929062,0.1240976668814365,0.3214818360783497,0.1816342585212944
309,309.0,0.1104871851041001,0.1212820079961866,0.1392687723633829,0.1242355863616991,0.3221656548214506,0.1825607933531804
310,310.0,0.1100073335780961,0.1216396554550899,0.1379115037018705,0.1244253898950946,0.3228014059877187,0.1832147113821302
311,311.0,0.1106761792377201,0.12235131121914,0.1365851003076975,0.1246855260615106,0.3218773218179576,0.183824561355974
312,312.0,0.1118056193412685,0.1228445433702675,0.1352014490897812,0.1249337106633314,0.3206782848071259,0.1845363927282253
313,313.0,0.1126508765472693,0.1230681456456542,0.1336808278675295,0.1252068272342528,0.319700073904786,0.1856932488005081
314,314.0,0.1134557647084121,0.1231827428673493,0.1321087124947741,0.1254530930559952,0.3188466211039333,0.1869530657695359
315,315.0,0.1142145143079847,0.1231943947795451,0.1303240620925017,0.125668885177701,0.3183729870286484,0.1882251566136188
316,316.0,0.1153465454862209,0.1240296481050424,0.1285330667702832,0.1258685800633191,0.3176129566037791,0.1886092029713549
317,317.0,0.1170699921355901,0.1247019558272432,0.1266886531327153,0.1260415169037197,0.3167141957179478,0.1887836862827836
318,318.0,0.1185565880207477,0.1253317466382041,0.1245959721885201,0.1267018125523893,0.3156281909803073,0.1891856896198312
319,319.0,0.1201262898557634,0.1258829515243974,0.1225394176321773,0.1273406830547906,0.3148057856091587,0.1893048723237123
320,320.0,0.121617702271868,0.126369992714331,0.1205756472038153,0.1279805839166631,0.3139887854014013,0.189467288491921
321,321.0,0.1223877812086925,0.127005710740363,0.1198277572156183,0.1290316818146228,0.3128481080045405,0.1888989610161627
322,322.0,0.1228315651746833,0.1273378839485411,0.1190002309703508,0.1307863405156967,0.3113172248604934,0.1887267545302343
